% # columns="iteration, evaluation, min max(neg(.)) min(pos(.)) max correlation, correlation matrix principal axes lengths  (sorted square roots of eigenvalues of correlation matrix)", seed=275182, Wed Oct 25 13:06:25 2023
1 12 -0.03379115545162094 -0.007243060829735994 0.005912317846957544 0.025233429744589735 0.9540319435768431 0.9702913629533543 0.9771587420905082 0.9877832402090531 0.9944518089229281 0.9974746964187234 1.00014900688326 1.001390188580086 1.004435510713877 1.007451455178368 1.0113757213722232 1.0141219720621988 1.0152688670608327 1.0171131451144577 1.0442073034600925
2 24 -0.05138795686885882 -0.01457560330391713 0.010459409922041097 0.0698069588665527 0.9540319435768431 0.9702913629533543 0.9771587420905082 0.9877832402090531 0.9944518089229281 0.9974746964187234 1.00014900688326 1.001390188580086 1.004435510713877 1.007451455178368 1.0113757213722232 1.0141219720621988 1.0152688670608327 1.0171131451144577 1.0442073034600925
3 36 -0.06765301681607686 -0.018657030835609826 0.02005382042512659 0.11461413234534129 0.9540319435768431 0.9702913629533543 0.9771587420905082 0.9877832402090531 0.9944518089229281 0.9974746964187234 1.00014900688326 1.001390188580086 1.004435510713877 1.007451455178368 1.0113757213722232 1.0141219720621988 1.0152688670608327 1.0171131451144577 1.0442073034600925
4 48 -0.0884053009863253 -0.016885682311648095 0.026270407440777396 0.12907326258092233 0.9540319435768431 0.9702913629533543 0.9771587420905082 0.9877832402090531 0.9944518089229281 0.9974746964187234 1.00014900688326 1.001390188580086 1.004435510713877 1.007451455178368 1.0113757213722232 1.0141219720621988 1.0152688670608327 1.0171131451144577 1.0442073034600925
5 60 -0.12808755743322264 -0.022333893490579005 0.03134387916831774 0.16554463791855983 0.9540319435768431 0.9702913629533543 0.9771587420905082 0.9877832402090531 0.9944518089229281 0.9974746964187234 1.00014900688326 1.001390188580086 1.004435510713877 1.007451455178368 1.0113757213722232 1.0141219720621988 1.0152688670608327 1.0171131451144577 1.0442073034600925
6 72 -0.13099739465164886 -0.02437845955938111 0.027066594564561886 0.1756910714634302 0.9540319435768431 0.9702913629533543 0.9771587420905082 0.9877832402090531 0.9944518089229281 0.9974746964187234 1.00014900688326 1.001390188580086 1.004435510713877 1.007451455178368 1.0113757213722232 1.0141219720621988 1.0152688670608327 1.0171131451144577 1.0442073034600925
7 84 -0.1573075782782528 -0.03232467266228433 0.031470943194591386 0.18635324979726917 0.9540319435768431 0.9702913629533543 0.9771587420905082 0.9877832402090531 0.9944518089229281 0.9974746964187234 1.00014900688326 1.001390188580086 1.004435510713877 1.007451455178368 1.0113757213722232 1.0141219720621988 1.0152688670608327 1.0171131451144577 1.0442073034600925
8 96 -0.18469632195609503 -0.028354179276991555 0.03599944038739526 0.19898775958946027 0.9540319435768431 0.9702913629533543 0.9771587420905082 0.9877832402090531 0.9944518089229281 0.9974746964187234 1.00014900688326 1.001390188580086 1.004435510713877 1.007451455178368 1.0113757213722232 1.0141219720621988 1.0152688670608327 1.0171131451144577 1.0442073034600925
9 108 -0.1821863304796707 -0.024340664612672386 0.039316761075022584 0.2145345428739128 0.9540319435768431 0.9702913629533543 0.9771587420905082 0.9877832402090531 0.9944518089229281 0.9974746964187234 1.00014900688326 1.001390188580086 1.004435510713877 1.007451455178368 1.0113757213722232 1.0141219720621988 1.0152688670608327 1.0171131451144577 1.0442073034600925
10 120 -0.207182573178281 -0.020628876213301648 0.041558419990071614 0.24867122011567463 0.9540319435768431 0.9702913629533543 0.9771587420905082 0.9877832402090531 0.9944518089229281 0.9974746964187234 1.00014900688326 1.001390188580086 1.004435510713877 1.007451455178368 1.0113757213722232 1.0141219720621988 1.0152688670608327 1.0171131451144577 1.0442073034600925
11 132 -0.20951451091658332 -0.02604686611259051 0.04832684715006762 0.26001976268438154 0.9540319435768431 0.9702913629533543 0.9771587420905082 0.9877832402090531 0.9944518089229281 0.9974746964187234 1.00014900688326 1.001390188580086 1.004435510713877 1.007451455178368 1.0113757213722232 1.0141219720621988 1.0152688670608327 1.0171131451144577 1.0442073034600925
12 144 -0.21957722750698147 -0.027971730970130445 0.054805934426926946 0.24784849249906674 0.9540319435768431 0.9702913629533543 0.9771587420905082 0.9877832402090531 0.9944518089229281 0.9974746964187234 1.00014900688326 1.001390188580086 1.004435510713877 1.007451455178368 1.0113757213722232 1.0141219720621988 1.0152688670608327 1.0171131451144577 1.0442073034600925
13 156 -0.23899347471404644 -0.026068288674282042 0.05461294118953142 0.23963747869400293 0.9540319435768431 0.9702913629533543 0.9771587420905082 0.9877832402090531 0.9944518089229281 0.9974746964187234 1.00014900688326 1.001390188580086 1.004435510713877 1.007451455178368 1.0113757213722232 1.0141219720621988 1.0152688670608327 1.0171131451144577 1.0442073034600925
14 168 -0.23563494644577962 -0.01787528311657019 0.06657780757236498 0.2466427875026454 0.9540319435768431 0.9702913629533543 0.9771587420905082 0.9877832402090531 0.9944518089229281 0.9974746964187234 1.00014900688326 1.001390188580086 1.004435510713877 1.007451455178368 1.0113757213722232 1.0141219720621988 1.0152688670608327 1.0171131451144577 1.0442073034600925
15 180 -0.22465567936040606 -0.022753645296708237 0.0705538355020767 0.24334032460454894 0.9540319435768431 0.9702913629533543 0.9771587420905082 0.9877832402090531 0.9944518089229281 0.9974746964187234 1.00014900688326 1.001390188580086 1.004435510713877 1.007451455178368 1.0113757213722232 1.0141219720621988 1.0152688670608327 1.0171131451144577 1.0442073034600925
16 192 -0.233490143093895 -0.019491616275176 0.07144995621546131 0.2488636949414946 0.7452191469212999 0.7645260308476227 0.824465667637068 0.8549406450267761 0.9011381326941521 0.9360978230122595 0.9494911544447389 0.9654459261802071 0.9992226735378669 1.0270205600031106 1.0604132995201456 1.0749318686030576 1.1357022373072259 1.2023853963215119 1.363382040136172
17 204 -0.22594866912658318 -0.023955438646235675 0.06877759303284157 0.24782686535238183 0.7452191469212999 0.7645260308476227 0.824465667637068 0.8549406450267761 0.9011381326941521 0.9360978230122595 0.9494911544447389 0.9654459261802071 0.9992226735378669 1.0270205600031106 1.0604132995201456 1.0749318686030576 1.1357022373072259 1.2023853963215119 1.363382040136172
18 216 -0.21869372977264173 -0.021442801578509675 0.07884169122342274 0.25307329130452094 0.7452191469212999 0.7645260308476227 0.824465667637068 0.8549406450267761 0.9011381326941521 0.9360978230122595 0.9494911544447389 0.9654459261802071 0.9992226735378669 1.0270205600031106 1.0604132995201456 1.0749318686030576 1.1357022373072259 1.2023853963215119 1.363382040136172
19 228 -0.2211899430089019 -0.02457804101338239 0.07185318900945957 0.2701481821393813 0.7452191469212999 0.7645260308476227 0.824465667637068 0.8549406450267761 0.9011381326941521 0.9360978230122595 0.9494911544447389 0.9654459261802071 0.9992226735378669 1.0270205600031106 1.0604132995201456 1.0749318686030576 1.1357022373072259 1.2023853963215119 1.363382040136172
20 240 -0.23678512764162965 -0.03185067241851868 0.08033801228238649 0.28039485764740557 0.7452191469212999 0.7645260308476227 0.824465667637068 0.8549406450267761 0.9011381326941521 0.9360978230122595 0.9494911544447389 0.9654459261802071 0.9992226735378669 1.0270205600031106 1.0604132995201456 1.0749318686030576 1.1357022373072259 1.2023853963215119 1.363382040136172
21 252 -0.2305248935586594 -0.042648709730230626 0.07644137809531987 0.27629905099887764 0.7452191469212999 0.7645260308476227 0.824465667637068 0.8549406450267761 0.9011381326941521 0.9360978230122595 0.9494911544447389 0.9654459261802071 0.9992226735378669 1.0270205600031106 1.0604132995201456 1.0749318686030576 1.1357022373072259 1.2023853963215119 1.363382040136172
22 264 -0.22848966159719306 -0.04313556638490093 0.07698453185293663 0.2753601236920229 0.7452191469212999 0.7645260308476227 0.824465667637068 0.8549406450267761 0.9011381326941521 0.9360978230122595 0.9494911544447389 0.9654459261802071 0.9992226735378669 1.0270205600031106 1.0604132995201456 1.0749318686030576 1.1357022373072259 1.2023853963215119 1.363382040136172
23 276 -0.23792770690800605 -0.0414519122345934 0.08365270437993066 0.28111818099965163 0.7452191469212999 0.7645260308476227 0.824465667637068 0.8549406450267761 0.9011381326941521 0.9360978230122595 0.9494911544447389 0.9654459261802071 0.9992226735378669 1.0270205600031106 1.0604132995201456 1.0749318686030576 1.1357022373072259 1.2023853963215119 1.363382040136172
24 288 -0.20930683602567113 -0.05601770583997158 0.09335745706078602 0.28929650636191084 0.7452191469212999 0.7645260308476227 0.824465667637068 0.8549406450267761 0.9011381326941521 0.9360978230122595 0.9494911544447389 0.9654459261802071 0.9992226735378669 1.0270205600031106 1.0604132995201456 1.0749318686030576 1.1357022373072259 1.2023853963215119 1.363382040136172
25 300 -0.21204803197811659 -0.05332775089793966 0.09707266940931815 0.28936609135297575 0.7452191469212999 0.7645260308476227 0.824465667637068 0.8549406450267761 0.9011381326941521 0.9360978230122595 0.9494911544447389 0.9654459261802071 0.9992226735378669 1.0270205600031106 1.0604132995201456 1.0749318686030576 1.1357022373072259 1.2023853963215119 1.363382040136172
26 312 -0.2232035367294953 -0.057310475037366915 0.08413459600251941 0.3040009993860743 0.7452191469212999 0.7645260308476227 0.824465667637068 0.8549406450267761 0.9011381326941521 0.9360978230122595 0.9494911544447389 0.9654459261802071 0.9992226735378669 1.0270205600031106 1.0604132995201456 1.0749318686030576 1.1357022373072259 1.2023853963215119 1.363382040136172
27 324 -0.22810743746027481 -0.05050393227198684 0.08864067818414098 0.31579371859529215 0.7452191469212999 0.7645260308476227 0.824465667637068 0.8549406450267761 0.9011381326941521 0.9360978230122595 0.9494911544447389 0.9654459261802071 0.9992226735378669 1.0270205600031106 1.0604132995201456 1.0749318686030576 1.1357022373072259 1.2023853963215119 1.363382040136172
28 336 -0.23787039340929608 -0.059474598528278314 0.08239081079631191 0.3193571964250418 0.7452191469212999 0.7645260308476227 0.824465667637068 0.8549406450267761 0.9011381326941521 0.9360978230122595 0.9494911544447389 0.9654459261802071 0.9992226735378669 1.0270205600031106 1.0604132995201456 1.0749318686030576 1.1357022373072259 1.2023853963215119 1.363382040136172
29 348 -0.23845654991528822 -0.07049400005665148 0.08555090822246345 0.3160255814599057 0.7452191469212999 0.7645260308476227 0.824465667637068 0.8549406450267761 0.9011381326941521 0.9360978230122595 0.9494911544447389 0.9654459261802071 0.9992226735378669 1.0270205600031106 1.0604132995201456 1.0749318686030576 1.1357022373072259 1.2023853963215119 1.363382040136172
30 360 -0.24505742561518964 -0.06718062421616428 0.08400064161886915 0.30961323503403254 0.7452191469212999 0.7645260308476227 0.824465667637068 0.8549406450267761 0.9011381326941521 0.9360978230122595 0.9494911544447389 0.9654459261802071 0.9992226735378669 1.0270205600031106 1.0604132995201456 1.0749318686030576 1.1357022373072259 1.2023853963215119 1.363382040136172
31 372 -0.2703473572535364 -0.07371062988554358 0.09220267937062064 0.30945308063364435 0.6088756793261788 0.6785571242241649 0.7725664151562607 0.7945291477822085 0.8340779027519111 0.8988104239191641 0.9524829067406065 0.9655767319799757 0.9786972574293151 1.0282472904891482 1.0535544788932218 1.0963634984704422 1.2202904831821137 1.3625547584429065 1.3873686816543618
32 384 -0.28671526687467475 -0.06827056933718938 0.10088762673177107 0.32587586819845293 0.6088756793261788 0.6785571242241649 0.7725664151562607 0.7945291477822085 0.8340779027519111 0.8988104239191641 0.9524829067406065 0.9655767319799757 0.9786972574293151 1.0282472904891482 1.0535544788932218 1.0963634984704422 1.2202904831821137 1.3625547584429065 1.3873686816543618
33 396 -0.30712732813716564 -0.06910685661291102 0.10853506226147952 0.326531490759482 0.6088756793261788 0.6785571242241649 0.7725664151562607 0.7945291477822085 0.8340779027519111 0.8988104239191641 0.9524829067406065 0.9655767319799757 0.9786972574293151 1.0282472904891482 1.0535544788932218 1.0963634984704422 1.2202904831821137 1.3625547584429065 1.3873686816543618
34 408 -0.31012297005420675 -0.06482350131974812 0.0956256068407755 0.32607540751880904 0.6088756793261788 0.6785571242241649 0.7725664151562607 0.7945291477822085 0.8340779027519111 0.8988104239191641 0.9524829067406065 0.9655767319799757 0.9786972574293151 1.0282472904891482 1.0535544788932218 1.0963634984704422 1.2202904831821137 1.3625547584429065 1.3873686816543618
35 420 -0.3009651506980187 -0.06253481934645477 0.09678599279626195 0.342031855168268 0.6088756793261788 0.6785571242241649 0.7725664151562607 0.7945291477822085 0.8340779027519111 0.8988104239191641 0.9524829067406065 0.9655767319799757 0.9786972574293151 1.0282472904891482 1.0535544788932218 1.0963634984704422 1.2202904831821137 1.3625547584429065 1.3873686816543618
36 432 -0.2942862258526116 -0.06999925811836008 0.08959520562624265 0.36581958940292264 0.6088756793261788 0.6785571242241649 0.7725664151562607 0.7945291477822085 0.8340779027519111 0.8988104239191641 0.9524829067406065 0.9655767319799757 0.9786972574293151 1.0282472904891482 1.0535544788932218 1.0963634984704422 1.2202904831821137 1.3625547584429065 1.3873686816543618
37 444 -0.30050795298424 -0.06909445952881671 0.08952850460393612 0.37876119828688815 0.6088756793261788 0.6785571242241649 0.7725664151562607 0.7945291477822085 0.8340779027519111 0.8988104239191641 0.9524829067406065 0.9655767319799757 0.9786972574293151 1.0282472904891482 1.0535544788932218 1.0963634984704422 1.2202904831821137 1.3625547584429065 1.3873686816543618
38 456 -0.28629472715940485 -0.06871554643887144 0.09214312291484453 0.37548519705600003 0.6088756793261788 0.6785571242241649 0.7725664151562607 0.7945291477822085 0.8340779027519111 0.8988104239191641 0.9524829067406065 0.9655767319799757 0.9786972574293151 1.0282472904891482 1.0535544788932218 1.0963634984704422 1.2202904831821137 1.3625547584429065 1.3873686816543618
39 468 -0.27753616154014354 -0.07030626118849181 0.08797120295748387 0.3873263224573783 0.6088756793261788 0.6785571242241649 0.7725664151562607 0.7945291477822085 0.8340779027519111 0.8988104239191641 0.9524829067406065 0.9655767319799757 0.9786972574293151 1.0282472904891482 1.0535544788932218 1.0963634984704422 1.2202904831821137 1.3625547584429065 1.3873686816543618
40 480 -0.2747924186206714 -0.07514357171954388 0.08897176632428064 0.3855750476944957 0.6088756793261788 0.6785571242241649 0.7725664151562607 0.7945291477822085 0.8340779027519111 0.8988104239191641 0.9524829067406065 0.9655767319799757 0.9786972574293151 1.0282472904891482 1.0535544788932218 1.0963634984704422 1.2202904831821137 1.3625547584429065 1.3873686816543618
41 492 -0.26971826527695103 -0.06508323589130395 0.08945879243025834 0.38158119530412266 0.6088756793261788 0.6785571242241649 0.7725664151562607 0.7945291477822085 0.8340779027519111 0.8988104239191641 0.9524829067406065 0.9655767319799757 0.9786972574293151 1.0282472904891482 1.0535544788932218 1.0963634984704422 1.2202904831821137 1.3625547584429065 1.3873686816543618
42 504 -0.2782614092830491 -0.06534673681955698 0.08647013480184282 0.3869842369012641 0.6088756793261788 0.6785571242241649 0.7725664151562607 0.7945291477822085 0.8340779027519111 0.8988104239191641 0.9524829067406065 0.9655767319799757 0.9786972574293151 1.0282472904891482 1.0535544788932218 1.0963634984704422 1.2202904831821137 1.3625547584429065 1.3873686816543618
43 516 -0.2762058154683201 -0.06339566553315228 0.08010556427000821 0.3657671026669263 0.6088756793261788 0.6785571242241649 0.7725664151562607 0.7945291477822085 0.8340779027519111 0.8988104239191641 0.9524829067406065 0.9655767319799757 0.9786972574293151 1.0282472904891482 1.0535544788932218 1.0963634984704422 1.2202904831821137 1.3625547584429065 1.3873686816543618
44 528 -0.28633914852719916 -0.0672222580235822 0.09092586212370402 0.3760578567090677 0.6088756793261788 0.6785571242241649 0.7725664151562607 0.7945291477822085 0.8340779027519111 0.8988104239191641 0.9524829067406065 0.9655767319799757 0.9786972574293151 1.0282472904891482 1.0535544788932218 1.0963634984704422 1.2202904831821137 1.3625547584429065 1.3873686816543618
45 540 -0.2815702963679596 -0.07959695580956161 0.08705923297781097 0.37992875145594657 0.6088756793261788 0.6785571242241649 0.7725664151562607 0.7945291477822085 0.8340779027519111 0.8988104239191641 0.9524829067406065 0.9655767319799757 0.9786972574293151 1.0282472904891482 1.0535544788932218 1.0963634984704422 1.2202904831821137 1.3625547584429065 1.3873686816543618
46 552 -0.26793813494061075 -0.07862459946659106 0.07725896844453588 0.3815819216219133 0.4879900248900668 0.6015913087619119 0.7161597899373765 0.7756787720067603 0.7979483570446742 0.8724923527531406 0.9442876347610337 0.9615276900000213 1.0273215793439723 1.055871536597089 1.092083808361624 1.1434028883267615 1.2498727791591846 1.3156684672727084 1.4518178571302829
47 564 -0.271609175986028 -0.08359997914332999 0.07794732425825027 0.40053393998513204 0.4879900248900668 0.6015913087619119 0.7161597899373765 0.7756787720067603 0.7979483570446742 0.8724923527531406 0.9442876347610337 0.9615276900000213 1.0273215793439723 1.055871536597089 1.092083808361624 1.1434028883267615 1.2498727791591846 1.3156684672727084 1.4518178571302829
48 576 -0.2918462135696209 -0.08418254803597536 0.07985074184678077 0.3981213543978407 0.4879900248900668 0.6015913087619119 0.7161597899373765 0.7756787720067603 0.7979483570446742 0.8724923527531406 0.9442876347610337 0.9615276900000213 1.0273215793439723 1.055871536597089 1.092083808361624 1.1434028883267615 1.2498727791591846 1.3156684672727084 1.4518178571302829
49 588 -0.32783103997842095 -0.08616615996846923 0.08874241433690144 0.40763586693439313 0.4879900248900668 0.6015913087619119 0.7161597899373765 0.7756787720067603 0.7979483570446742 0.8724923527531406 0.9442876347610337 0.9615276900000213 1.0273215793439723 1.055871536597089 1.092083808361624 1.1434028883267615 1.2498727791591846 1.3156684672727084 1.4518178571302829
50 600 -0.334463694071618 -0.08661549055434659 0.08794885548161346 0.4079753222789166 0.4879900248900668 0.6015913087619119 0.7161597899373765 0.7756787720067603 0.7979483570446742 0.8724923527531406 0.9442876347610337 0.9615276900000213 1.0273215793439723 1.055871536597089 1.092083808361624 1.1434028883267615 1.2498727791591846 1.3156684672727084 1.4518178571302829
51 612 -0.3525370254441442 -0.0795548568481314 0.0993977039944865 0.41802670607952264 0.4879900248900668 0.6015913087619119 0.7161597899373765 0.7756787720067603 0.7979483570446742 0.8724923527531406 0.9442876347610337 0.9615276900000213 1.0273215793439723 1.055871536597089 1.092083808361624 1.1434028883267615 1.2498727791591846 1.3156684672727084 1.4518178571302829
52 624 -0.3423531438560479 -0.07741586752690811 0.0969746092256312 0.4579740978505177 0.4879900248900668 0.6015913087619119 0.7161597899373765 0.7756787720067603 0.7979483570446742 0.8724923527531406 0.9442876347610337 0.9615276900000213 1.0273215793439723 1.055871536597089 1.092083808361624 1.1434028883267615 1.2498727791591846 1.3156684672727084 1.4518178571302829
53 636 -0.3419874882442708 -0.07705844907067713 0.09621932250755842 0.4695678025573034 0.4879900248900668 0.6015913087619119 0.7161597899373765 0.7756787720067603 0.7979483570446742 0.8724923527531406 0.9442876347610337 0.9615276900000213 1.0273215793439723 1.055871536597089 1.092083808361624 1.1434028883267615 1.2498727791591846 1.3156684672727084 1.4518178571302829
54 648 -0.36406762949325205 -0.077776259987023 0.1100210098502982 0.4897922633675469 0.4879900248900668 0.6015913087619119 0.7161597899373765 0.7756787720067603 0.7979483570446742 0.8724923527531406 0.9442876347610337 0.9615276900000213 1.0273215793439723 1.055871536597089 1.092083808361624 1.1434028883267615 1.2498727791591846 1.3156684672727084 1.4518178571302829
55 660 -0.37425631764037914 -0.08168790720079958 0.11638924521287884 0.5134417646723751 0.4879900248900668 0.6015913087619119 0.7161597899373765 0.7756787720067603 0.7979483570446742 0.8724923527531406 0.9442876347610337 0.9615276900000213 1.0273215793439723 1.055871536597089 1.092083808361624 1.1434028883267615 1.2498727791591846 1.3156684672727084 1.4518178571302829
56 672 -0.42756146003513873 -0.09585291456264666 0.12842921761715015 0.5553473465863997 0.4879900248900668 0.6015913087619119 0.7161597899373765 0.7756787720067603 0.7979483570446742 0.8724923527531406 0.9442876347610337 0.9615276900000213 1.0273215793439723 1.055871536597089 1.092083808361624 1.1434028883267615 1.2498727791591846 1.3156684672727084 1.4518178571302829
57 684 -0.4694598246743503 -0.09776986480245178 0.13670574595899532 0.5705969223504297 0.4879900248900668 0.6015913087619119 0.7161597899373765 0.7756787720067603 0.7979483570446742 0.8724923527531406 0.9442876347610337 0.9615276900000213 1.0273215793439723 1.055871536597089 1.092083808361624 1.1434028883267615 1.2498727791591846 1.3156684672727084 1.4518178571302829
58 696 -0.49141720062469774 -0.10190671990817503 0.14876033327377072 0.5906097390733228 0.4879900248900668 0.6015913087619119 0.7161597899373765 0.7756787720067603 0.7979483570446742 0.8724923527531406 0.9442876347610337 0.9615276900000213 1.0273215793439723 1.055871536597089 1.092083808361624 1.1434028883267615 1.2498727791591846 1.3156684672727084 1.4518178571302829
59 708 -0.5035256659112421 -0.1027222632413282 0.1485572991941101 0.5951823356805018 0.4879900248900668 0.6015913087619119 0.7161597899373765 0.7756787720067603 0.7979483570446742 0.8724923527531406 0.9442876347610337 0.9615276900000213 1.0273215793439723 1.055871536597089 1.092083808361624 1.1434028883267615 1.2498727791591846 1.3156684672727084 1.4518178571302829
60 720 -0.5302501433618166 -0.1049580574586626 0.15305358984222717 0.6059984182432279 0.4879900248900668 0.6015913087619119 0.7161597899373765 0.7756787720067603 0.7979483570446742 0.8724923527531406 0.9442876347610337 0.9615276900000213 1.0273215793439723 1.055871536597089 1.092083808361624 1.1434028883267615 1.2498727791591846 1.3156684672727084 1.4518178571302829
61 732 -0.546629204737036 -0.10833593975198391 0.15190138839830403 0.614937111368071 0.3745420806179269 0.4472170719623984 0.5952664136160346 0.629464582176822 0.7328894175125835 0.8088320513747235 0.8346173524305348 0.8688967790425879 0.9155069113162072 1.0081659832889411 1.0834957733033639 1.217987772644153 1.2859979911897996 1.3573276428027437 1.8050222743471742
62 744 -0.5585414695998288 -0.11948397825213908 0.15459097018390147 0.6187463213612823 0.3745420806179269 0.4472170719623984 0.5952664136160346 0.629464582176822 0.7328894175125835 0.8088320513747235 0.8346173524305348 0.8688967790425879 0.9155069113162072 1.0081659832889411 1.0834957733033639 1.217987772644153 1.2859979911897996 1.3573276428027437 1.8050222743471742
63 756 -0.5714847953889063 -0.12008985128261437 0.1587823332781774 0.6267232070227474 0.3745420806179269 0.4472170719623984 0.5952664136160346 0.629464582176822 0.7328894175125835 0.8088320513747235 0.8346173524305348 0.8688967790425879 0.9155069113162072 1.0081659832889411 1.0834957733033639 1.217987772644153 1.2859979911897996 1.3573276428027437 1.8050222743471742
64 768 -0.5899682888406036 -0.1232806633540771 0.17019072398470503 0.6465319746064381 0.3745420806179269 0.4472170719623984 0.5952664136160346 0.629464582176822 0.7328894175125835 0.8088320513747235 0.8346173524305348 0.8688967790425879 0.9155069113162072 1.0081659832889411 1.0834957733033639 1.217987772644153 1.2859979911897996 1.3573276428027437 1.8050222743471742
65 780 -0.5983443479833692 -0.1158860378149532 0.18330699980192855 0.6487355926067158 0.3745420806179269 0.4472170719623984 0.5952664136160346 0.629464582176822 0.7328894175125835 0.8088320513747235 0.8346173524305348 0.8688967790425879 0.9155069113162072 1.0081659832889411 1.0834957733033639 1.217987772644153 1.2859979911897996 1.3573276428027437 1.8050222743471742
66 792 -0.6193586365215693 -0.13426221402658692 0.1942608687220714 0.6520200725818445 0.3745420806179269 0.4472170719623984 0.5952664136160346 0.629464582176822 0.7328894175125835 0.8088320513747235 0.8346173524305348 0.8688967790425879 0.9155069113162072 1.0081659832889411 1.0834957733033639 1.217987772644153 1.2859979911897996 1.3573276428027437 1.8050222743471742
67 804 -0.6319355907014751 -0.12098974982023136 0.19667984511779854 0.6694219432443687 0.3745420806179269 0.4472170719623984 0.5952664136160346 0.629464582176822 0.7328894175125835 0.8088320513747235 0.8346173524305348 0.8688967790425879 0.9155069113162072 1.0081659832889411 1.0834957733033639 1.217987772644153 1.2859979911897996 1.3573276428027437 1.8050222743471742
68 816 -0.6427608832474364 -0.12633603758539508 0.19312158722185763 0.6838698532499422 0.3745420806179269 0.4472170719623984 0.5952664136160346 0.629464582176822 0.7328894175125835 0.8088320513747235 0.8346173524305348 0.8688967790425879 0.9155069113162072 1.0081659832889411 1.0834957733033639 1.217987772644153 1.2859979911897996 1.3573276428027437 1.8050222743471742
69 828 -0.6549022188087654 -0.12728362025983594 0.19070400584227587 0.6807082509777515 0.3745420806179269 0.4472170719623984 0.5952664136160346 0.629464582176822 0.7328894175125835 0.8088320513747235 0.8346173524305348 0.8688967790425879 0.9155069113162072 1.0081659832889411 1.0834957733033639 1.217987772644153 1.2859979911897996 1.3573276428027437 1.8050222743471742
70 840 -0.6725691126943029 -0.11939173354781261 0.18455487671085274 0.6941814148526816 0.3745420806179269 0.4472170719623984 0.5952664136160346 0.629464582176822 0.7328894175125835 0.8088320513747235 0.8346173524305348 0.8688967790425879 0.9155069113162072 1.0081659832889411 1.0834957733033639 1.217987772644153 1.2859979911897996 1.3573276428027437 1.8050222743471742
71 852 -0.6689203288219375 -0.1155304985520216 0.19164146326124504 0.7075782791637113 0.3745420806179269 0.4472170719623984 0.5952664136160346 0.629464582176822 0.7328894175125835 0.8088320513747235 0.8346173524305348 0.8688967790425879 0.9155069113162072 1.0081659832889411 1.0834957733033639 1.217987772644153 1.2859979911897996 1.3573276428027437 1.8050222743471742
72 864 -0.6785561597898683 -0.11879958835080182 0.19312337976539823 0.7152572768717111 0.3745420806179269 0.4472170719623984 0.5952664136160346 0.629464582176822 0.7328894175125835 0.8088320513747235 0.8346173524305348 0.8688967790425879 0.9155069113162072 1.0081659832889411 1.0834957733033639 1.217987772644153 1.2859979911897996 1.3573276428027437 1.8050222743471742
73 876 -0.6731935040799544 -0.11512875981050623 0.18834747003859786 0.7113391120341714 0.3745420806179269 0.4472170719623984 0.5952664136160346 0.629464582176822 0.7328894175125835 0.8088320513747235 0.8346173524305348 0.8688967790425879 0.9155069113162072 1.0081659832889411 1.0834957733033639 1.217987772644153 1.2859979911897996 1.3573276428027437 1.8050222743471742
74 888 -0.6670252028529854 -0.12099229649482611 0.20671715528891416 0.7192231890139517 0.3745420806179269 0.4472170719623984 0.5952664136160346 0.629464582176822 0.7328894175125835 0.8088320513747235 0.8346173524305348 0.8688967790425879 0.9155069113162072 1.0081659832889411 1.0834957733033639 1.217987772644153 1.2859979911897996 1.3573276428027437 1.8050222743471742
75 900 -0.6655305978699116 -0.12128955777272343 0.2048223417237887 0.7175465461952282 0.3745420806179269 0.4472170719623984 0.5952664136160346 0.629464582176822 0.7328894175125835 0.8088320513747235 0.8346173524305348 0.8688967790425879 0.9155069113162072 1.0081659832889411 1.0834957733033639 1.217987772644153 1.2859979911897996 1.3573276428027437 1.8050222743471742
76 912 -0.6466476824330897 -0.13211971418830465 0.2053983757952877 0.7164581230893082 0.2892754691784594 0.3635663420981953 0.5238484770341985 0.5402497035055074 0.6500794702134037 0.6824314647018114 0.7756416822767035 0.8036095507565477 0.8517270873391882 1.0024032176116333 1.0537332228279976 1.2155908849702914 1.2306565145679855 1.4676334480527953 2.0237090592879605
77 924 -0.6456477224715481 -0.12384474827954148 0.20682381822202833 0.716145224686801 0.2892754691784594 0.3635663420981953 0.5238484770341985 0.5402497035055074 0.6500794702134037 0.6824314647018114 0.7756416822767035 0.8036095507565477 0.8517270873391882 1.0024032176116333 1.0537332228279976 1.2155908849702914 1.2306565145679855 1.4676334480527953 2.0237090592879605
78 936 -0.6352710155933707 -0.12599827728998456 0.21218190917727267 0.7247994583290676 0.2892754691784594 0.3635663420981953 0.5238484770341985 0.5402497035055074 0.6500794702134037 0.6824314647018114 0.7756416822767035 0.8036095507565477 0.8517270873391882 1.0024032176116333 1.0537332228279976 1.2155908849702914 1.2306565145679855 1.4676334480527953 2.0237090592879605
79 948 -0.6452658610517762 -0.12447722661663496 0.21920896329125905 0.7307486710668578 0.2892754691784594 0.3635663420981953 0.5238484770341985 0.5402497035055074 0.6500794702134037 0.6824314647018114 0.7756416822767035 0.8036095507565477 0.8517270873391882 1.0024032176116333 1.0537332228279976 1.2155908849702914 1.2306565145679855 1.4676334480527953 2.0237090592879605
80 960 -0.6457834819634313 -0.13581066479924384 0.20474784578893393 0.7290585444906295 0.2892754691784594 0.3635663420981953 0.5238484770341985 0.5402497035055074 0.6500794702134037 0.6824314647018114 0.7756416822767035 0.8036095507565477 0.8517270873391882 1.0024032176116333 1.0537332228279976 1.2155908849702914 1.2306565145679855 1.4676334480527953 2.0237090592879605
81 972 -0.6343060966297769 -0.1302237577215886 0.1994850881011095 0.7334204660299793 0.2892754691784594 0.3635663420981953 0.5238484770341985 0.5402497035055074 0.6500794702134037 0.6824314647018114 0.7756416822767035 0.8036095507565477 0.8517270873391882 1.0024032176116333 1.0537332228279976 1.2155908849702914 1.2306565145679855 1.4676334480527953 2.0237090592879605
82 984 -0.612283931942993 -0.13036097844363592 0.2072856551327516 0.7249698244262852 0.2892754691784594 0.3635663420981953 0.5238484770341985 0.5402497035055074 0.6500794702134037 0.6824314647018114 0.7756416822767035 0.8036095507565477 0.8517270873391882 1.0024032176116333 1.0537332228279976 1.2155908849702914 1.2306565145679855 1.4676334480527953 2.0237090592879605
83 996 -0.6068630537908536 -0.1284362479392524 0.2121447812379176 0.7324239757619199 0.2892754691784594 0.3635663420981953 0.5238484770341985 0.5402497035055074 0.6500794702134037 0.6824314647018114 0.7756416822767035 0.8036095507565477 0.8517270873391882 1.0024032176116333 1.0537332228279976 1.2155908849702914 1.2306565145679855 1.4676334480527953 2.0237090592879605
84 1008 -0.6092358825852118 -0.1207028029700164 0.21562017947213663 0.7261423829084273 0.2892754691784594 0.3635663420981953 0.5238484770341985 0.5402497035055074 0.6500794702134037 0.6824314647018114 0.7756416822767035 0.8036095507565477 0.8517270873391882 1.0024032176116333 1.0537332228279976 1.2155908849702914 1.2306565145679855 1.4676334480527953 2.0237090592879605
85 1020 -0.6328454295802151 -0.11242763493975307 0.22121029109776594 0.7325970116448011 0.2892754691784594 0.3635663420981953 0.5238484770341985 0.5402497035055074 0.6500794702134037 0.6824314647018114 0.7756416822767035 0.8036095507565477 0.8517270873391882 1.0024032176116333 1.0537332228279976 1.2155908849702914 1.2306565145679855 1.4676334480527953 2.0237090592879605
86 1032 -0.64332212570491 -0.10904556055611246 0.23380610302669216 0.7393505020193237 0.2892754691784594 0.3635663420981953 0.5238484770341985 0.5402497035055074 0.6500794702134037 0.6824314647018114 0.7756416822767035 0.8036095507565477 0.8517270873391882 1.0024032176116333 1.0537332228279976 1.2155908849702914 1.2306565145679855 1.4676334480527953 2.0237090592879605
87 1044 -0.6546546079081319 -0.10857351759108615 0.2608480758868519 0.7462912974839372 0.2892754691784594 0.3635663420981953 0.5238484770341985 0.5402497035055074 0.6500794702134037 0.6824314647018114 0.7756416822767035 0.8036095507565477 0.8517270873391882 1.0024032176116333 1.0537332228279976 1.2155908849702914 1.2306565145679855 1.4676334480527953 2.0237090592879605
88 1056 -0.6594123680826386 -0.10431801463530965 0.27207553298013387 0.7421247748077701 0.2892754691784594 0.3635663420981953 0.5238484770341985 0.5402497035055074 0.6500794702134037 0.6824314647018114 0.7756416822767035 0.8036095507565477 0.8517270873391882 1.0024032176116333 1.0537332228279976 1.2155908849702914 1.2306565145679855 1.4676334480527953 2.0237090592879605
89 1068 -0.6608965474901433 -0.10050627549167636 0.2729847544844896 0.7442481364151369 0.2892754691784594 0.3635663420981953 0.5238484770341985 0.5402497035055074 0.6500794702134037 0.6824314647018114 0.7756416822767035 0.8036095507565477 0.8517270873391882 1.0024032176116333 1.0537332228279976 1.2155908849702914 1.2306565145679855 1.4676334480527953 2.0237090592879605
90 1080 -0.6597341169136831 -0.10168625440872936 0.27940966065521444 0.7408895271678146 0.2892754691784594 0.3635663420981953 0.5238484770341985 0.5402497035055074 0.6500794702134037 0.6824314647018114 0.7756416822767035 0.8036095507565477 0.8517270873391882 1.0024032176116333 1.0537332228279976 1.2155908849702914 1.2306565145679855 1.4676334480527953 2.0237090592879605
91 1092 -0.6606700133095054 -0.0930242627224617 0.2785197553494009 0.7456022906224128 0.24648065238973957 0.28146123860758204 0.4465659891103357 0.5143812686832558 0.6403293557375448 0.6527373808590864 0.7411412033537478 0.7615878139332602 0.8328611812695957 0.9869030992859844 1.1109351746993934 1.137942070088357 1.2113378408162678 1.445732065817518 2.1625028024242146
92 1104 -0.6695780625621623 -0.08652107169082376 0.2984127327084604 0.7533728977351257 0.24648065238973957 0.28146123860758204 0.4465659891103357 0.5143812686832558 0.6403293557375448 0.6527373808590864 0.7411412033537478 0.7615878139332602 0.8328611812695957 0.9869030992859844 1.1109351746993934 1.137942070088357 1.2113378408162678 1.445732065817518 2.1625028024242146
93 1116 -0.669073712481778 -0.10562785835705188 0.3132000964915423 0.748464119868233 0.24648065238973957 0.28146123860758204 0.4465659891103357 0.5143812686832558 0.6403293557375448 0.6527373808590864 0.7411412033537478 0.7615878139332602 0.8328611812695957 0.9869030992859844 1.1109351746993934 1.137942070088357 1.2113378408162678 1.445732065817518 2.1625028024242146
94 1128 -0.6669550065560241 -0.09719614101901013 0.315375671245526 0.7502074448111934 0.24648065238973957 0.28146123860758204 0.4465659891103357 0.5143812686832558 0.6403293557375448 0.6527373808590864 0.7411412033537478 0.7615878139332602 0.8328611812695957 0.9869030992859844 1.1109351746993934 1.137942070088357 1.2113378408162678 1.445732065817518 2.1625028024242146
95 1140 -0.6668130423430431 -0.09989956891390438 0.3201667065805508 0.7469267045260705 0.24648065238973957 0.28146123860758204 0.4465659891103357 0.5143812686832558 0.6403293557375448 0.6527373808590864 0.7411412033537478 0.7615878139332602 0.8328611812695957 0.9869030992859844 1.1109351746993934 1.137942070088357 1.2113378408162678 1.445732065817518 2.1625028024242146
96 1152 -0.6656840789356654 -0.09058021814815982 0.3178798495336851 0.750484544280902 0.24648065238973957 0.28146123860758204 0.4465659891103357 0.5143812686832558 0.6403293557375448 0.6527373808590864 0.7411412033537478 0.7615878139332602 0.8328611812695957 0.9869030992859844 1.1109351746993934 1.137942070088357 1.2113378408162678 1.445732065817518 2.1625028024242146
97 1164 -0.6734850815481428 -0.08461024415479888 0.3087272229177642 0.7550259656150672 0.24648065238973957 0.28146123860758204 0.4465659891103357 0.5143812686832558 0.6403293557375448 0.6527373808590864 0.7411412033537478 0.7615878139332602 0.8328611812695957 0.9869030992859844 1.1109351746993934 1.137942070088357 1.2113378408162678 1.445732065817518 2.1625028024242146
98 1176 -0.6806754847008415 -0.08607146658547746 0.3027195861523848 0.7446832495986662 0.24648065238973957 0.28146123860758204 0.4465659891103357 0.5143812686832558 0.6403293557375448 0.6527373808590864 0.7411412033537478 0.7615878139332602 0.8328611812695957 0.9869030992859844 1.1109351746993934 1.137942070088357 1.2113378408162678 1.445732065817518 2.1625028024242146
99 1188 -0.6838395749569741 -0.08623963241803087 0.3117396281611896 0.7498561980151539 0.24648065238973957 0.28146123860758204 0.4465659891103357 0.5143812686832558 0.6403293557375448 0.6527373808590864 0.7411412033537478 0.7615878139332602 0.8328611812695957 0.9869030992859844 1.1109351746993934 1.137942070088357 1.2113378408162678 1.445732065817518 2.1625028024242146
100 1200 -0.6876493624930481 -0.0856554403712361 0.3092907343217901 0.7520492239037195 0.24648065238973957 0.28146123860758204 0.4465659891103357 0.5143812686832558 0.6403293557375448 0.6527373808590864 0.7411412033537478 0.7615878139332602 0.8328611812695957 0.9869030992859844 1.1109351746993934 1.137942070088357 1.2113378408162678 1.445732065817518 2.1625028024242146
101 1212 -0.6986069850424123 -0.0865995981201467 0.2961076570419581 0.755706436234872 0.24648065238973957 0.28146123860758204 0.4465659891103357 0.5143812686832558 0.6403293557375448 0.6527373808590864 0.7411412033537478 0.7615878139332602 0.8328611812695957 0.9869030992859844 1.1109351746993934 1.137942070088357 1.2113378408162678 1.445732065817518 2.1625028024242146
102 1224 -0.6958826732928322 -0.0786777373973788 0.29965425113468214 0.7593861647943613 0.24648065238973957 0.28146123860758204 0.4465659891103357 0.5143812686832558 0.6403293557375448 0.6527373808590864 0.7411412033537478 0.7615878139332602 0.8328611812695957 0.9869030992859844 1.1109351746993934 1.137942070088357 1.2113378408162678 1.445732065817518 2.1625028024242146
103 1236 -0.6989242625864349 -0.08099670191788513 0.3016458214015616 0.7633360653272784 0.24648065238973957 0.28146123860758204 0.4465659891103357 0.5143812686832558 0.6403293557375448 0.6527373808590864 0.7411412033537478 0.7615878139332602 0.8328611812695957 0.9869030992859844 1.1109351746993934 1.137942070088357 1.2113378408162678 1.445732065817518 2.1625028024242146
104 1248 -0.7013092472710462 -0.07022540958193306 0.3103257945012784 0.7695955204363305 0.24648065238973957 0.28146123860758204 0.4465659891103357 0.5143812686832558 0.6403293557375448 0.6527373808590864 0.7411412033537478 0.7615878139332602 0.8328611812695957 0.9869030992859844 1.1109351746993934 1.137942070088357 1.2113378408162678 1.445732065817518 2.1625028024242146
105 1260 -0.6976734716365101 -0.06380527876939943 0.300991864156272 0.7771766440547817 0.24648065238973957 0.28146123860758204 0.4465659891103357 0.5143812686832558 0.6403293557375448 0.6527373808590864 0.7411412033537478 0.7615878139332602 0.8328611812695957 0.9869030992859844 1.1109351746993934 1.137942070088357 1.2113378408162678 1.445732065817518 2.1625028024242146
106 1272 -0.6918422016505619 -0.06123914109547481 0.30175396201918564 0.7714146675796595 0.1878699199261206 0.23637468734632958 0.3767663590335383 0.4763151310819003 0.6180522464323766 0.6498501417582254 0.7198469067824543 0.7706208446763827 0.8750458586476766 0.9425354585692043 1.1121777322175173 1.1377676810790613 1.2023814741346388 1.4811254448197082 2.1905904051818585
107 1284 -0.6903760876985874 -0.06979994501338359 0.30547651414143245 0.7743735984065125 0.1878699199261206 0.23637468734632958 0.3767663590335383 0.4763151310819003 0.6180522464323766 0.6498501417582254 0.7198469067824543 0.7706208446763827 0.8750458586476766 0.9425354585692043 1.1121777322175173 1.1377676810790613 1.2023814741346388 1.4811254448197082 2.1905904051818585
108 1296 -0.689748919827411 -0.0689207947782977 0.29701340021231853 0.7828607013254332 0.1878699199261206 0.23637468734632958 0.3767663590335383 0.4763151310819003 0.6180522464323766 0.6498501417582254 0.7198469067824543 0.7706208446763827 0.8750458586476766 0.9425354585692043 1.1121777322175173 1.1377676810790613 1.2023814741346388 1.4811254448197082 2.1905904051818585
109 1308 -0.6797144643550148 -0.08291486246583533 0.2828885266952962 0.7898938545341302 0.1878699199261206 0.23637468734632958 0.3767663590335383 0.4763151310819003 0.6180522464323766 0.6498501417582254 0.7198469067824543 0.7706208446763827 0.8750458586476766 0.9425354585692043 1.1121777322175173 1.1377676810790613 1.2023814741346388 1.4811254448197082 2.1905904051818585
110 1320 -0.6530023140920187 -0.07753813469707946 0.28174378293214813 0.7906797272355317 0.1878699199261206 0.23637468734632958 0.3767663590335383 0.4763151310819003 0.6180522464323766 0.6498501417582254 0.7198469067824543 0.7706208446763827 0.8750458586476766 0.9425354585692043 1.1121777322175173 1.1377676810790613 1.2023814741346388 1.4811254448197082 2.1905904051818585
111 1332 -0.6441891357072804 -0.07418185577217193 0.2836563530816177 0.7962536092267218 0.1878699199261206 0.23637468734632958 0.3767663590335383 0.4763151310819003 0.6180522464323766 0.6498501417582254 0.7198469067824543 0.7706208446763827 0.8750458586476766 0.9425354585692043 1.1121777322175173 1.1377676810790613 1.2023814741346388 1.4811254448197082 2.1905904051818585
112 1344 -0.6497880669016605 -0.08732169290785874 0.2747880180492028 0.822717635506729 0.1878699199261206 0.23637468734632958 0.3767663590335383 0.4763151310819003 0.6180522464323766 0.6498501417582254 0.7198469067824543 0.7706208446763827 0.8750458586476766 0.9425354585692043 1.1121777322175173 1.1377676810790613 1.2023814741346388 1.4811254448197082 2.1905904051818585
113 1356 -0.6440269650184032 -0.08946534243228196 0.26374371159470694 0.8243056150853239 0.1878699199261206 0.23637468734632958 0.3767663590335383 0.4763151310819003 0.6180522464323766 0.6498501417582254 0.7198469067824543 0.7706208446763827 0.8750458586476766 0.9425354585692043 1.1121777322175173 1.1377676810790613 1.2023814741346388 1.4811254448197082 2.1905904051818585
114 1368 -0.6545246876894243 -0.09205285654356765 0.25993738530839283 0.8184641378703624 0.1878699199261206 0.23637468734632958 0.3767663590335383 0.4763151310819003 0.6180522464323766 0.6498501417582254 0.7198469067824543 0.7706208446763827 0.8750458586476766 0.9425354585692043 1.1121777322175173 1.1377676810790613 1.2023814741346388 1.4811254448197082 2.1905904051818585
115 1380 -0.6548263322915193 -0.11746918247170025 0.2482441692964878 0.8154232612699557 0.1878699199261206 0.23637468734632958 0.3767663590335383 0.4763151310819003 0.6180522464323766 0.6498501417582254 0.7198469067824543 0.7706208446763827 0.8750458586476766 0.9425354585692043 1.1121777322175173 1.1377676810790613 1.2023814741346388 1.4811254448197082 2.1905904051818585
116 1392 -0.6514159045407615 -0.12751547475201952 0.2394333841240105 0.8151244778403801 0.1878699199261206 0.23637468734632958 0.3767663590335383 0.4763151310819003 0.6180522464323766 0.6498501417582254 0.7198469067824543 0.7706208446763827 0.8750458586476766 0.9425354585692043 1.1121777322175173 1.1377676810790613 1.2023814741346388 1.4811254448197082 2.1905904051818585
117 1404 -0.6532805958382487 -0.12712011273870882 0.24319062850736473 0.8192619688475814 0.1878699199261206 0.23637468734632958 0.3767663590335383 0.4763151310819003 0.6180522464323766 0.6498501417582254 0.7198469067824543 0.7706208446763827 0.8750458586476766 0.9425354585692043 1.1121777322175173 1.1377676810790613 1.2023814741346388 1.4811254448197082 2.1905904051818585
118 1416 -0.6645958939690016 -0.11664304687704935 0.26444959202573404 0.8154616299943007 0.1878699199261206 0.23637468734632958 0.3767663590335383 0.4763151310819003 0.6180522464323766 0.6498501417582254 0.7198469067824543 0.7706208446763827 0.8750458586476766 0.9425354585692043 1.1121777322175173 1.1377676810790613 1.2023814741346388 1.4811254448197082 2.1905904051818585
119 1428 -0.6512198421200696 -0.11912823635374872 0.2550891355406114 0.8111028214585551 0.1878699199261206 0.23637468734632958 0.3767663590335383 0.4763151310819003 0.6180522464323766 0.6498501417582254 0.7198469067824543 0.7706208446763827 0.8750458586476766 0.9425354585692043 1.1121777322175173 1.1377676810790613 1.2023814741346388 1.4811254448197082 2.1905904051818585
120 1440 -0.6460670916902235 -0.0951993185047783 0.24175379735249022 0.820089849756672 0.1878699199261206 0.23637468734632958 0.3767663590335383 0.4763151310819003 0.6180522464323766 0.6498501417582254 0.7198469067824543 0.7706208446763827 0.8750458586476766 0.9425354585692043 1.1121777322175173 1.1377676810790613 1.2023814741346388 1.4811254448197082 2.1905904051818585
121 1452 -0.643298602135238 -0.09562423834051204 0.2456791117294454 0.8219973824915976 0.1563867540285694 0.19116504438499848 0.32196449627830603 0.45192725621461477 0.5728898312650491 0.6263807803211036 0.7361781390744698 0.7632651897103228 0.8790600171911714 0.8913153648130572 1.1589004252634107 1.200234606294455 1.2298610161444643 1.5331689535496908 2.138233856677042
122 1464 -0.6600631811209942 -0.10791287913443696 0.2696926386954729 0.8162061749820623 0.1563867540285694 0.19116504438499848 0.32196449627830603 0.45192725621461477 0.5728898312650491 0.6263807803211036 0.7361781390744698 0.7632651897103228 0.8790600171911714 0.8913153648130572 1.1589004252634107 1.200234606294455 1.2298610161444643 1.5331689535496908 2.138233856677042
123 1476 -0.6580681981436131 -0.1158142472375808 0.27388154096365114 0.8165360235580075 0.1563867540285694 0.19116504438499848 0.32196449627830603 0.45192725621461477 0.5728898312650491 0.6263807803211036 0.7361781390744698 0.7632651897103228 0.8790600171911714 0.8913153648130572 1.1589004252634107 1.200234606294455 1.2298610161444643 1.5331689535496908 2.138233856677042
124 1488 -0.6775812205907966 -0.11095382451502102 0.26784587328193077 0.8290746193261338 0.1563867540285694 0.19116504438499848 0.32196449627830603 0.45192725621461477 0.5728898312650491 0.6263807803211036 0.7361781390744698 0.7632651897103228 0.8790600171911714 0.8913153648130572 1.1589004252634107 1.200234606294455 1.2298610161444643 1.5331689535496908 2.138233856677042
125 1500 -0.6926785222397203 -0.12446364712949218 0.2875066458521217 0.8246994444997496 0.1563867540285694 0.19116504438499848 0.32196449627830603 0.45192725621461477 0.5728898312650491 0.6263807803211036 0.7361781390744698 0.7632651897103228 0.8790600171911714 0.8913153648130572 1.1589004252634107 1.200234606294455 1.2298610161444643 1.5331689535496908 2.138233856677042
126 1512 -0.7102213206195327 -0.13497209521959821 0.2951628156875209 0.829646869394384 0.1563867540285694 0.19116504438499848 0.32196449627830603 0.45192725621461477 0.5728898312650491 0.6263807803211036 0.7361781390744698 0.7632651897103228 0.8790600171911714 0.8913153648130572 1.1589004252634107 1.200234606294455 1.2298610161444643 1.5331689535496908 2.138233856677042
127 1524 -0.7189725307364729 -0.13524708797888033 0.3064061126246366 0.8271411599998898 0.1563867540285694 0.19116504438499848 0.32196449627830603 0.45192725621461477 0.5728898312650491 0.6263807803211036 0.7361781390744698 0.7632651897103228 0.8790600171911714 0.8913153648130572 1.1589004252634107 1.200234606294455 1.2298610161444643 1.5331689535496908 2.138233856677042
128 1536 -0.7225476231521526 -0.13210158852144369 0.3050260984694079 0.8262277580543461 0.1563867540285694 0.19116504438499848 0.32196449627830603 0.45192725621461477 0.5728898312650491 0.6263807803211036 0.7361781390744698 0.7632651897103228 0.8790600171911714 0.8913153648130572 1.1589004252634107 1.200234606294455 1.2298610161444643 1.5331689535496908 2.138233856677042
129 1548 -0.735871074695511 -0.1499724034109175 0.3013540451659219 0.8233103286910205 0.1563867540285694 0.19116504438499848 0.32196449627830603 0.45192725621461477 0.5728898312650491 0.6263807803211036 0.7361781390744698 0.7632651897103228 0.8790600171911714 0.8913153648130572 1.1589004252634107 1.200234606294455 1.2298610161444643 1.5331689535496908 2.138233856677042
130 1560 -0.7501996713169785 -0.12655260183950012 0.29606575838643123 0.8198587733589551 0.1563867540285694 0.19116504438499848 0.32196449627830603 0.45192725621461477 0.5728898312650491 0.6263807803211036 0.7361781390744698 0.7632651897103228 0.8790600171911714 0.8913153648130572 1.1589004252634107 1.200234606294455 1.2298610161444643 1.5331689535496908 2.138233856677042
131 1572 -0.7558780360029693 -0.09495303123109619 0.3054808284317124 0.8159945369702262 0.1563867540285694 0.19116504438499848 0.32196449627830603 0.45192725621461477 0.5728898312650491 0.6263807803211036 0.7361781390744698 0.7632651897103228 0.8790600171911714 0.8913153648130572 1.1589004252634107 1.200234606294455 1.2298610161444643 1.5331689535496908 2.138233856677042
132 1584 -0.7691996048251453 -0.09632794862059964 0.30970299861102507 0.816252180780653 0.1563867540285694 0.19116504438499848 0.32196449627830603 0.45192725621461477 0.5728898312650491 0.6263807803211036 0.7361781390744698 0.7632651897103228 0.8790600171911714 0.8913153648130572 1.1589004252634107 1.200234606294455 1.2298610161444643 1.5331689535496908 2.138233856677042
133 1596 -0.772696454190793 -0.0937136316318383 0.31002716126452606 0.8176002449612952 0.1563867540285694 0.19116504438499848 0.32196449627830603 0.45192725621461477 0.5728898312650491 0.6263807803211036 0.7361781390744698 0.7632651897103228 0.8790600171911714 0.8913153648130572 1.1589004252634107 1.200234606294455 1.2298610161444643 1.5331689535496908 2.138233856677042
134 1608 -0.7727062232015348 -0.11244952742593324 0.30961141717361834 0.8098028997378599 0.1563867540285694 0.19116504438499848 0.32196449627830603 0.45192725621461477 0.5728898312650491 0.6263807803211036 0.7361781390744698 0.7632651897103228 0.8790600171911714 0.8913153648130572 1.1589004252634107 1.200234606294455 1.2298610161444643 1.5331689535496908 2.138233856677042
135 1620 -0.7764319830907028 -0.10477067721823026 0.30239661836657095 0.8096153966327514 0.1563867540285694 0.19116504438499848 0.32196449627830603 0.45192725621461477 0.5728898312650491 0.6263807803211036 0.7361781390744698 0.7632651897103228 0.8790600171911714 0.8913153648130572 1.1589004252634107 1.200234606294455 1.2298610161444643 1.5331689535496908 2.138233856677042
136 1632 -0.7709050807814899 -0.10483651809037554 0.30331719164101933 0.8100822476768474 0.13769071701475538 0.15218589129489707 0.25872116082834784 0.4263346464685298 0.4964586023907209 0.5890951489577064 0.689984138284079 0.7305655933926977 0.7838034714996195 0.8730144666327545 1.1118717796140576 1.1772310437735503 1.2733154583013464 1.5311120369251179 2.2675105653062464
137 1644 -0.7779946816991966 -0.10674073210641628 0.3089298164810399 0.8140608751103423 0.13769071701475538 0.15218589129489707 0.25872116082834784 0.4263346464685298 0.4964586023907209 0.5890951489577064 0.689984138284079 0.7305655933926977 0.7838034714996195 0.8730144666327545 1.1118717796140576 1.1772310437735503 1.2733154583013464 1.5311120369251179 2.2675105653062464
138 1656 -0.7796150161014468 -0.10778801064988566 0.3088930847757976 0.8121131399166426 0.13769071701475538 0.15218589129489707 0.25872116082834784 0.4263346464685298 0.4964586023907209 0.5890951489577064 0.689984138284079 0.7305655933926977 0.7838034714996195 0.8730144666327545 1.1118717796140576 1.1772310437735503 1.2733154583013464 1.5311120369251179 2.2675105653062464
139 1668 -0.7970714324052783 -0.11766231459640589 0.30815483106201946 0.8123515909984218 0.13769071701475538 0.15218589129489707 0.25872116082834784 0.4263346464685298 0.4964586023907209 0.5890951489577064 0.689984138284079 0.7305655933926977 0.7838034714996195 0.8730144666327545 1.1118717796140576 1.1772310437735503 1.2733154583013464 1.5311120369251179 2.2675105653062464
140 1680 -0.7951536026788095 -0.11765574792845071 0.29631286489567704 0.8033043616542809 0.13769071701475538 0.15218589129489707 0.25872116082834784 0.4263346464685298 0.4964586023907209 0.5890951489577064 0.689984138284079 0.7305655933926977 0.7838034714996195 0.8730144666327545 1.1118717796140576 1.1772310437735503 1.2733154583013464 1.5311120369251179 2.2675105653062464
141 1692 -0.7929346785222574 -0.12240392407851092 0.29351590074468015 0.8002893284909056 0.13769071701475538 0.15218589129489707 0.25872116082834784 0.4263346464685298 0.4964586023907209 0.5890951489577064 0.689984138284079 0.7305655933926977 0.7838034714996195 0.8730144666327545 1.1118717796140576 1.1772310437735503 1.2733154583013464 1.5311120369251179 2.2675105653062464
142 1704 -0.7999395500912955 -0.12955403024956355 0.2964340771931139 0.7990159527518201 0.13769071701475538 0.15218589129489707 0.25872116082834784 0.4263346464685298 0.4964586023907209 0.5890951489577064 0.689984138284079 0.7305655933926977 0.7838034714996195 0.8730144666327545 1.1118717796140576 1.1772310437735503 1.2733154583013464 1.5311120369251179 2.2675105653062464
143 1716 -0.8047352540517511 -0.12995442219950734 0.29484935872141177 0.796277548983085 0.13769071701475538 0.15218589129489707 0.25872116082834784 0.4263346464685298 0.4964586023907209 0.5890951489577064 0.689984138284079 0.7305655933926977 0.7838034714996195 0.8730144666327545 1.1118717796140576 1.1772310437735503 1.2733154583013464 1.5311120369251179 2.2675105653062464
144 1728 -0.8136838271555384 -0.139856099128841 0.30821723878495444 0.7952365917413694 0.13769071701475538 0.15218589129489707 0.25872116082834784 0.4263346464685298 0.4964586023907209 0.5890951489577064 0.689984138284079 0.7305655933926977 0.7838034714996195 0.8730144666327545 1.1118717796140576 1.1772310437735503 1.2733154583013464 1.5311120369251179 2.2675105653062464
145 1740 -0.8122466376042945 -0.1338940117269243 0.29968828388671576 0.7939275012240926 0.13769071701475538 0.15218589129489707 0.25872116082834784 0.4263346464685298 0.4964586023907209 0.5890951489577064 0.689984138284079 0.7305655933926977 0.7838034714996195 0.8730144666327545 1.1118717796140576 1.1772310437735503 1.2733154583013464 1.5311120369251179 2.2675105653062464
146 1752 -0.8250250311462032 -0.1229410706173572 0.30143743586528515 0.7945105545955191 0.13769071701475538 0.15218589129489707 0.25872116082834784 0.4263346464685298 0.4964586023907209 0.5890951489577064 0.689984138284079 0.7305655933926977 0.7838034714996195 0.8730144666327545 1.1118717796140576 1.1772310437735503 1.2733154583013464 1.5311120369251179 2.2675105653062464
147 1764 -0.82771709247248 -0.11205272077915217 0.3052297891646033 0.8033235854166446 0.13769071701475538 0.15218589129489707 0.25872116082834784 0.4263346464685298 0.4964586023907209 0.5890951489577064 0.689984138284079 0.7305655933926977 0.7838034714996195 0.8730144666327545 1.1118717796140576 1.1772310437735503 1.2733154583013464 1.5311120369251179 2.2675105653062464
148 1776 -0.8336494645540621 -0.1082391428061247 0.32391922989048044 0.8041115011428638 0.13769071701475538 0.15218589129489707 0.25872116082834784 0.4263346464685298 0.4964586023907209 0.5890951489577064 0.689984138284079 0.7305655933926977 0.7838034714996195 0.8730144666327545 1.1118717796140576 1.1772310437735503 1.2733154583013464 1.5311120369251179 2.2675105653062464
149 1788 -0.8398720139105019 -0.08632620689746229 0.3206827925539588 0.8031915039591413 0.13769071701475538 0.15218589129489707 0.25872116082834784 0.4263346464685298 0.4964586023907209 0.5890951489577064 0.689984138284079 0.7305655933926977 0.7838034714996195 0.8730144666327545 1.1118717796140576 1.1772310437735503 1.2733154583013464 1.5311120369251179 2.2675105653062464
150 1800 -0.8394945182001999 -0.08398956800500662 0.3126653503587623 0.7954055854052468 0.13769071701475538 0.15218589129489707 0.25872116082834784 0.4263346464685298 0.4964586023907209 0.5890951489577064 0.689984138284079 0.7305655933926977 0.7838034714996195 0.8730144666327545 1.1118717796140576 1.1772310437735503 1.2733154583013464 1.5311120369251179 2.2675105653062464
151 1812 -0.8385227712276329 -0.07853273811013502 0.3032107167555713 0.7906785017039976 0.12214465577265149 0.1347532986077473 0.22517468165906748 0.38723661961952205 0.45320755866119233 0.5849173494111475 0.6417056554403157 0.714123445009774 0.7351369141306462 0.8812801573662493 1.0795254178394107 1.1608518639886833 1.3434821481216206 1.5627737428162045 2.2846757593167926
152 1824 -0.8307311751310269 -0.09039434109320102 0.29643514861219133 0.7832231947726531 0.12214465577265149 0.1347532986077473 0.22517468165906748 0.38723661961952205 0.45320755866119233 0.5849173494111475 0.6417056554403157 0.714123445009774 0.7351369141306462 0.8812801573662493 1.0795254178394107 1.1608518639886833 1.3434821481216206 1.5627737428162045 2.2846757593167926
153 1836 -0.8269585733916788 -0.09689350533816588 0.30352966412634097 0.785804484097013 0.12214465577265149 0.1347532986077473 0.22517468165906748 0.38723661961952205 0.45320755866119233 0.5849173494111475 0.6417056554403157 0.714123445009774 0.7351369141306462 0.8812801573662493 1.0795254178394107 1.1608518639886833 1.3434821481216206 1.5627737428162045 2.2846757593167926
154 1848 -0.8247023795097487 -0.09563547722287666 0.2981955694342312 0.7818670942849507 0.12214465577265149 0.1347532986077473 0.22517468165906748 0.38723661961952205 0.45320755866119233 0.5849173494111475 0.6417056554403157 0.714123445009774 0.7351369141306462 0.8812801573662493 1.0795254178394107 1.1608518639886833 1.3434821481216206 1.5627737428162045 2.2846757593167926
155 1860 -0.8154417512262365 -0.1035576155609095 0.29527814622655185 0.7755120112449916 0.12214465577265149 0.1347532986077473 0.22517468165906748 0.38723661961952205 0.45320755866119233 0.5849173494111475 0.6417056554403157 0.714123445009774 0.7351369141306462 0.8812801573662493 1.0795254178394107 1.1608518639886833 1.3434821481216206 1.5627737428162045 2.2846757593167926
156 1872 -0.8113955461231391 -0.10494631057655307 0.2928093353039955 0.7726826798768137 0.12214465577265149 0.1347532986077473 0.22517468165906748 0.38723661961952205 0.45320755866119233 0.5849173494111475 0.6417056554403157 0.714123445009774 0.7351369141306462 0.8812801573662493 1.0795254178394107 1.1608518639886833 1.3434821481216206 1.5627737428162045 2.2846757593167926
157 1884 -0.8140765731252654 -0.10073323968966402 0.28251970216346894 0.7707461235985584 0.12214465577265149 0.1347532986077473 0.22517468165906748 0.38723661961952205 0.45320755866119233 0.5849173494111475 0.6417056554403157 0.714123445009774 0.7351369141306462 0.8812801573662493 1.0795254178394107 1.1608518639886833 1.3434821481216206 1.5627737428162045 2.2846757593167926
158 1896 -0.8146270297583955 -0.09879472425637759 0.2859855573409291 0.7730575918202132 0.12214465577265149 0.1347532986077473 0.22517468165906748 0.38723661961952205 0.45320755866119233 0.5849173494111475 0.6417056554403157 0.714123445009774 0.7351369141306462 0.8812801573662493 1.0795254178394107 1.1608518639886833 1.3434821481216206 1.5627737428162045 2.2846757593167926
159 1908 -0.8138537085490294 -0.09873589411948061 0.28685477431661344 0.7598578682163193 0.12214465577265149 0.1347532986077473 0.22517468165906748 0.38723661961952205 0.45320755866119233 0.5849173494111475 0.6417056554403157 0.714123445009774 0.7351369141306462 0.8812801573662493 1.0795254178394107 1.1608518639886833 1.3434821481216206 1.5627737428162045 2.2846757593167926
160 1920 -0.8131020818228818 -0.10527243381795079 0.2791899334719464 0.7540286928686945 0.12214465577265149 0.1347532986077473 0.22517468165906748 0.38723661961952205 0.45320755866119233 0.5849173494111475 0.6417056554403157 0.714123445009774 0.7351369141306462 0.8812801573662493 1.0795254178394107 1.1608518639886833 1.3434821481216206 1.5627737428162045 2.2846757593167926
161 1932 -0.8152130064051605 -0.12385803309543597 0.28571688643679666 0.7500003365849969 0.12214465577265149 0.1347532986077473 0.22517468165906748 0.38723661961952205 0.45320755866119233 0.5849173494111475 0.6417056554403157 0.714123445009774 0.7351369141306462 0.8812801573662493 1.0795254178394107 1.1608518639886833 1.3434821481216206 1.5627737428162045 2.2846757593167926
162 1944 -0.8093821775656196 -0.12012845554083565 0.2804514038777256 0.7412887542178107 0.12214465577265149 0.1347532986077473 0.22517468165906748 0.38723661961952205 0.45320755866119233 0.5849173494111475 0.6417056554403157 0.714123445009774 0.7351369141306462 0.8812801573662493 1.0795254178394107 1.1608518639886833 1.3434821481216206 1.5627737428162045 2.2846757593167926
163 1956 -0.8014337674035109 -0.10924456974371491 0.27061326457281204 0.7269722611251805 0.12214465577265149 0.1347532986077473 0.22517468165906748 0.38723661961952205 0.45320755866119233 0.5849173494111475 0.6417056554403157 0.714123445009774 0.7351369141306462 0.8812801573662493 1.0795254178394107 1.1608518639886833 1.3434821481216206 1.5627737428162045 2.2846757593167926
164 1968 -0.7990709893175151 -0.10195841548547697 0.26891895606941113 0.7233908379481095 0.12214465577265149 0.1347532986077473 0.22517468165906748 0.38723661961952205 0.45320755866119233 0.5849173494111475 0.6417056554403157 0.714123445009774 0.7351369141306462 0.8812801573662493 1.0795254178394107 1.1608518639886833 1.3434821481216206 1.5627737428162045 2.2846757593167926
165 1980 -0.8096426779993972 -0.12123038914440397 0.2623317900775794 0.7262362112561087 0.12214465577265149 0.1347532986077473 0.22517468165906748 0.38723661961952205 0.45320755866119233 0.5849173494111475 0.6417056554403157 0.714123445009774 0.7351369141306462 0.8812801573662493 1.0795254178394107 1.1608518639886833 1.3434821481216206 1.5627737428162045 2.2846757593167926
166 1992 -0.822977525611281 -0.1540312009347759 0.2870307182252708 0.74114902208386 0.1020662511796623 0.12654951080971505 0.19673369130006638 0.3967665717087748 0.4939034838383957 0.5982278943428316 0.6333616179364423 0.7096231084985212 0.7938388357958688 0.8441382653321994 1.0997254648602415 1.1534581686322496 1.437129975956756 1.558210414975909 2.212450466262
167 2004 -0.8159044792813254 -0.15366148945325006 0.2881863800671487 0.7442069789979743 0.1020662511796623 0.12654951080971505 0.19673369130006638 0.3967665717087748 0.4939034838383957 0.5982278943428316 0.6333616179364423 0.7096231084985212 0.7938388357958688 0.8441382653321994 1.0997254648602415 1.1534581686322496 1.437129975956756 1.558210414975909 2.212450466262
168 2016 -0.8246856834745446 -0.15517166452821787 0.2965681573966472 0.750055694094281 0.1020662511796623 0.12654951080971505 0.19673369130006638 0.3967665717087748 0.4939034838383957 0.5982278943428316 0.6333616179364423 0.7096231084985212 0.7938388357958688 0.8441382653321994 1.0997254648602415 1.1534581686322496 1.437129975956756 1.558210414975909 2.212450466262
169 2028 -0.8296318475343105 -0.17877651389439225 0.2981560702602028 0.7552805838250521 0.1020662511796623 0.12654951080971505 0.19673369130006638 0.3967665717087748 0.4939034838383957 0.5982278943428316 0.6333616179364423 0.7096231084985212 0.7938388357958688 0.8441382653321994 1.0997254648602415 1.1534581686322496 1.437129975956756 1.558210414975909 2.212450466262
170 2040 -0.8346980367762282 -0.1642746847891419 0.29658051520025 0.7583853262191351 0.1020662511796623 0.12654951080971505 0.19673369130006638 0.3967665717087748 0.4939034838383957 0.5982278943428316 0.6333616179364423 0.7096231084985212 0.7938388357958688 0.8441382653321994 1.0997254648602415 1.1534581686322496 1.437129975956756 1.558210414975909 2.212450466262
171 2052 -0.8362587438439778 -0.16795400811064576 0.300429553698567 0.7579505229590475 0.1020662511796623 0.12654951080971505 0.19673369130006638 0.3967665717087748 0.4939034838383957 0.5982278943428316 0.6333616179364423 0.7096231084985212 0.7938388357958688 0.8441382653321994 1.0997254648602415 1.1534581686322496 1.437129975956756 1.558210414975909 2.212450466262
172 2064 -0.8330673178632831 -0.1593771076295651 0.3005967750677559 0.7539857014134707 0.1020662511796623 0.12654951080971505 0.19673369130006638 0.3967665717087748 0.4939034838383957 0.5982278943428316 0.6333616179364423 0.7096231084985212 0.7938388357958688 0.8441382653321994 1.0997254648602415 1.1534581686322496 1.437129975956756 1.558210414975909 2.212450466262
173 2076 -0.8371209938373317 -0.17580037707181123 0.30578124757998837 0.7566161332309598 0.1020662511796623 0.12654951080971505 0.19673369130006638 0.3967665717087748 0.4939034838383957 0.5982278943428316 0.6333616179364423 0.7096231084985212 0.7938388357958688 0.8441382653321994 1.0997254648602415 1.1534581686322496 1.437129975956756 1.558210414975909 2.212450466262
174 2088 -0.8371646597639153 -0.17011000439339255 0.299626333266148 0.7564930919454476 0.1020662511796623 0.12654951080971505 0.19673369130006638 0.3967665717087748 0.4939034838383957 0.5982278943428316 0.6333616179364423 0.7096231084985212 0.7938388357958688 0.8441382653321994 1.0997254648602415 1.1534581686322496 1.437129975956756 1.558210414975909 2.212450466262
175 2100 -0.8379970949079075 -0.19571137280257445 0.29973868008652427 0.7611552264259764 0.1020662511796623 0.12654951080971505 0.19673369130006638 0.3967665717087748 0.4939034838383957 0.5982278943428316 0.6333616179364423 0.7096231084985212 0.7938388357958688 0.8441382653321994 1.0997254648602415 1.1534581686322496 1.437129975956756 1.558210414975909 2.212450466262
176 2112 -0.8386175529095191 -0.20212920070570103 0.29894298650346535 0.7597264542295075 0.1020662511796623 0.12654951080971505 0.19673369130006638 0.3967665717087748 0.4939034838383957 0.5982278943428316 0.6333616179364423 0.7096231084985212 0.7938388357958688 0.8441382653321994 1.0997254648602415 1.1534581686322496 1.437129975956756 1.558210414975909 2.212450466262
177 2124 -0.8375188899755234 -0.2036724590472857 0.30593921643518907 0.7676497797166293 0.1020662511796623 0.12654951080971505 0.19673369130006638 0.3967665717087748 0.4939034838383957 0.5982278943428316 0.6333616179364423 0.7096231084985212 0.7938388357958688 0.8441382653321994 1.0997254648602415 1.1534581686322496 1.437129975956756 1.558210414975909 2.212450466262
178 2136 -0.8461478838303272 -0.22913924472354097 0.3124358532157849 0.7685837981253286 0.1020662511796623 0.12654951080971505 0.19673369130006638 0.3967665717087748 0.4939034838383957 0.5982278943428316 0.6333616179364423 0.7096231084985212 0.7938388357958688 0.8441382653321994 1.0997254648602415 1.1534581686322496 1.437129975956756 1.558210414975909 2.212450466262
179 2148 -0.8484030446363823 -0.24095409219499792 0.31751517819361175 0.7714843182740055 0.1020662511796623 0.12654951080971505 0.19673369130006638 0.3967665717087748 0.4939034838383957 0.5982278943428316 0.6333616179364423 0.7096231084985212 0.7938388357958688 0.8441382653321994 1.0997254648602415 1.1534581686322496 1.437129975956756 1.558210414975909 2.212450466262
180 2160 -0.8482625233312455 -0.2417388565214419 0.320204388557281 0.7694775927423354 0.1020662511796623 0.12654951080971505 0.19673369130006638 0.3967665717087748 0.4939034838383957 0.5982278943428316 0.6333616179364423 0.7096231084985212 0.7938388357958688 0.8441382653321994 1.0997254648602415 1.1534581686322496 1.437129975956756 1.558210414975909 2.212450466262
181 2172 -0.8509280279490009 -0.2466141325966906 0.3437954093669584 0.7711434542233575 0.07962847475699479 0.1033173729234539 0.17088143858178834 0.35334726676212597 0.46698142737030385 0.5743379885983972 0.6199458650755914 0.6628975892680847 0.7295192043086977 0.7672554877064361 1.039850823298972 1.0939096743259709 1.24659254502158 1.7098592680038436 2.36237362593004
182 2184 -0.8535572914962529 -0.2550459873172952 0.33989143973582747 0.7750827759302321 0.07962847475699479 0.1033173729234539 0.17088143858178834 0.35334726676212597 0.46698142737030385 0.5743379885983972 0.6199458650755914 0.6628975892680847 0.7295192043086977 0.7672554877064361 1.039850823298972 1.0939096743259709 1.24659254502158 1.7098592680038436 2.36237362593004
183 2196 -0.8552285507161679 -0.28172622902860245 0.3610282066016925 0.7702559161441289 0.07962847475699479 0.1033173729234539 0.17088143858178834 0.35334726676212597 0.46698142737030385 0.5743379885983972 0.6199458650755914 0.6628975892680847 0.7295192043086977 0.7672554877064361 1.039850823298972 1.0939096743259709 1.24659254502158 1.7098592680038436 2.36237362593004
184 2208 -0.8618204876701038 -0.27652601868980065 0.3636407275721477 0.7764903635625724 0.07962847475699479 0.1033173729234539 0.17088143858178834 0.35334726676212597 0.46698142737030385 0.5743379885983972 0.6199458650755914 0.6628975892680847 0.7295192043086977 0.7672554877064361 1.039850823298972 1.0939096743259709 1.24659254502158 1.7098592680038436 2.36237362593004
185 2220 -0.8547347985648023 -0.29097230271201197 0.3597911857779614 0.774158050634219 0.07962847475699479 0.1033173729234539 0.17088143858178834 0.35334726676212597 0.46698142737030385 0.5743379885983972 0.6199458650755914 0.6628975892680847 0.7295192043086977 0.7672554877064361 1.039850823298972 1.0939096743259709 1.24659254502158 1.7098592680038436 2.36237362593004
186 2232 -0.8522352588091763 -0.2925243548440013 0.35942529595069156 0.772193647808873 0.07962847475699479 0.1033173729234539 0.17088143858178834 0.35334726676212597 0.46698142737030385 0.5743379885983972 0.6199458650755914 0.6628975892680847 0.7295192043086977 0.7672554877064361 1.039850823298972 1.0939096743259709 1.24659254502158 1.7098592680038436 2.36237362593004
187 2244 -0.8489189764161891 -0.2914173965649826 0.3571257184059566 0.7696657673729057 0.07962847475699479 0.1033173729234539 0.17088143858178834 0.35334726676212597 0.46698142737030385 0.5743379885983972 0.6199458650755914 0.6628975892680847 0.7295192043086977 0.7672554877064361 1.039850823298972 1.0939096743259709 1.24659254502158 1.7098592680038436 2.36237362593004
188 2256 -0.8449660558664431 -0.2864683362132054 0.366021710216616 0.7616884703058648 0.07962847475699479 0.1033173729234539 0.17088143858178834 0.35334726676212597 0.46698142737030385 0.5743379885983972 0.6199458650755914 0.6628975892680847 0.7295192043086977 0.7672554877064361 1.039850823298972 1.0939096743259709 1.24659254502158 1.7098592680038436 2.36237362593004
189 2268 -0.8475263422490174 -0.2994684644319164 0.3732493209842189 0.7634626521246611 0.07962847475699479 0.1033173729234539 0.17088143858178834 0.35334726676212597 0.46698142737030385 0.5743379885983972 0.6199458650755914 0.6628975892680847 0.7295192043086977 0.7672554877064361 1.039850823298972 1.0939096743259709 1.24659254502158 1.7098592680038436 2.36237362593004
190 2280 -0.8329424762382658 -0.31799363466044284 0.3710227556414768 0.754086308744671 0.07962847475699479 0.1033173729234539 0.17088143858178834 0.35334726676212597 0.46698142737030385 0.5743379885983972 0.6199458650755914 0.6628975892680847 0.7295192043086977 0.7672554877064361 1.039850823298972 1.0939096743259709 1.24659254502158 1.7098592680038436 2.36237362593004
191 2292 -0.8299537832818833 -0.3246884704977349 0.3663640779512979 0.7470972910094911 0.07962847475699479 0.1033173729234539 0.17088143858178834 0.35334726676212597 0.46698142737030385 0.5743379885983972 0.6199458650755914 0.6628975892680847 0.7295192043086977 0.7672554877064361 1.039850823298972 1.0939096743259709 1.24659254502158 1.7098592680038436 2.36237362593004
192 2304 -0.8283825447734996 -0.3321942565506388 0.3640702123185517 0.7408965633981153 0.07962847475699479 0.1033173729234539 0.17088143858178834 0.35334726676212597 0.46698142737030385 0.5743379885983972 0.6199458650755914 0.6628975892680847 0.7295192043086977 0.7672554877064361 1.039850823298972 1.0939096743259709 1.24659254502158 1.7098592680038436 2.36237362593004
193 2316 -0.8252348320759885 -0.32990899992325107 0.36752819222138317 0.7436492705250598 0.07962847475699479 0.1033173729234539 0.17088143858178834 0.35334726676212597 0.46698142737030385 0.5743379885983972 0.6199458650755914 0.6628975892680847 0.7295192043086977 0.7672554877064361 1.039850823298972 1.0939096743259709 1.24659254502158 1.7098592680038436 2.36237362593004
194 2328 -0.8245115024912829 -0.3119804328016558 0.3677017727637725 0.7421587363834722 0.07962847475699479 0.1033173729234539 0.17088143858178834 0.35334726676212597 0.46698142737030385 0.5743379885983972 0.6199458650755914 0.6628975892680847 0.7295192043086977 0.7672554877064361 1.039850823298972 1.0939096743259709 1.24659254502158 1.7098592680038436 2.36237362593004
195 2340 -0.8258747711076015 -0.3220721336526766 0.36505639932494643 0.7439698322096119 0.07962847475699479 0.1033173729234539 0.17088143858178834 0.35334726676212597 0.46698142737030385 0.5743379885983972 0.6199458650755914 0.6628975892680847 0.7295192043086977 0.7672554877064361 1.039850823298972 1.0939096743259709 1.24659254502158 1.7098592680038436 2.36237362593004
196 2352 -0.8231385710470975 -0.32609222896467405 0.36765288673403757 0.7433465709543832 0.07204587601281001 0.08621347670605223 0.17068067389250569 0.3621614914316431 0.44972792982620635 0.5092005161583464 0.5698555067241677 0.6392088578629437 0.6487289129080785 0.846656177672487 0.9680294102165399 1.1327561033104856 1.2009636772779726 1.6170232562672042 2.493441190627155
197 2364 -0.8205200630997613 -0.3379684054452188 0.3670534085557816 0.7480222708844594 0.07204587601281001 0.08621347670605223 0.17068067389250569 0.3621614914316431 0.44972792982620635 0.5092005161583464 0.5698555067241677 0.6392088578629437 0.6487289129080785 0.846656177672487 0.9680294102165399 1.1327561033104856 1.2009636772779726 1.6170232562672042 2.493441190627155
198 2376 -0.8184554279221193 -0.347945718827871 0.36837065079942954 0.7418966788624337 0.07204587601281001 0.08621347670605223 0.17068067389250569 0.3621614914316431 0.44972792982620635 0.5092005161583464 0.5698555067241677 0.6392088578629437 0.6487289129080785 0.846656177672487 0.9680294102165399 1.1327561033104856 1.2009636772779726 1.6170232562672042 2.493441190627155
199 2388 -0.8195622668185212 -0.3667423964537502 0.3781300747342785 0.741011806355961 0.07204587601281001 0.08621347670605223 0.17068067389250569 0.3621614914316431 0.44972792982620635 0.5092005161583464 0.5698555067241677 0.6392088578629437 0.6487289129080785 0.846656177672487 0.9680294102165399 1.1327561033104856 1.2009636772779726 1.6170232562672042 2.493441190627155
200 2400 -0.8225389751048094 -0.3664021866354059 0.384226295181355 0.7339438965101599 0.07204587601281001 0.08621347670605223 0.17068067389250569 0.3621614914316431 0.44972792982620635 0.5092005161583464 0.5698555067241677 0.6392088578629437 0.6487289129080785 0.846656177672487 0.9680294102165399 1.1327561033104856 1.2009636772779726 1.6170232562672042 2.493441190627155
201 2412 -0.8202502499800831 -0.3814519064365574 0.38421206594035145 0.7387067081887395 0.07204587601281001 0.08621347670605223 0.17068067389250569 0.3621614914316431 0.44972792982620635 0.5092005161583464 0.5698555067241677 0.6392088578629437 0.6487289129080785 0.846656177672487 0.9680294102165399 1.1327561033104856 1.2009636772779726 1.6170232562672042 2.493441190627155
202 2424 -0.8160710034355915 -0.389098508141836 0.38119422132598363 0.7423155351607743 0.07204587601281001 0.08621347670605223 0.17068067389250569 0.3621614914316431 0.44972792982620635 0.5092005161583464 0.5698555067241677 0.6392088578629437 0.6487289129080785 0.846656177672487 0.9680294102165399 1.1327561033104856 1.2009636772779726 1.6170232562672042 2.493441190627155
203 2436 -0.8170530145347634 -0.3931510876236203 0.38231300137375857 0.7375750669562412 0.07204587601281001 0.08621347670605223 0.17068067389250569 0.3621614914316431 0.44972792982620635 0.5092005161583464 0.5698555067241677 0.6392088578629437 0.6487289129080785 0.846656177672487 0.9680294102165399 1.1327561033104856 1.2009636772779726 1.6170232562672042 2.493441190627155
204 2448 -0.81887574620251 -0.39226072255533173 0.38494931791067244 0.7342442391575374 0.07204587601281001 0.08621347670605223 0.17068067389250569 0.3621614914316431 0.44972792982620635 0.5092005161583464 0.5698555067241677 0.6392088578629437 0.6487289129080785 0.846656177672487 0.9680294102165399 1.1327561033104856 1.2009636772779726 1.6170232562672042 2.493441190627155
205 2460 -0.8175335876630571 -0.4030357378378578 0.388496639573245 0.7474411213304923 0.07204587601281001 0.08621347670605223 0.17068067389250569 0.3621614914316431 0.44972792982620635 0.5092005161583464 0.5698555067241677 0.6392088578629437 0.6487289129080785 0.846656177672487 0.9680294102165399 1.1327561033104856 1.2009636772779726 1.6170232562672042 2.493441190627155
206 2472 -0.8197713057807198 -0.41716871917779635 0.38994559826043795 0.7441348263208885 0.07204587601281001 0.08621347670605223 0.17068067389250569 0.3621614914316431 0.44972792982620635 0.5092005161583464 0.5698555067241677 0.6392088578629437 0.6487289129080785 0.846656177672487 0.9680294102165399 1.1327561033104856 1.2009636772779726 1.6170232562672042 2.493441190627155
207 2484 -0.8146431862122299 -0.4141469185224824 0.38468400235590594 0.7418106054676668 0.07204587601281001 0.08621347670605223 0.17068067389250569 0.3621614914316431 0.44972792982620635 0.5092005161583464 0.5698555067241677 0.6392088578629437 0.6487289129080785 0.846656177672487 0.9680294102165399 1.1327561033104856 1.2009636772779726 1.6170232562672042 2.493441190627155
208 2496 -0.8133691399679105 -0.41427758068305376 0.3791948168506646 0.7398428706657185 0.07204587601281001 0.08621347670605223 0.17068067389250569 0.3621614914316431 0.44972792982620635 0.5092005161583464 0.5698555067241677 0.6392088578629437 0.6487289129080785 0.846656177672487 0.9680294102165399 1.1327561033104856 1.2009636772779726 1.6170232562672042 2.493441190627155
209 2508 -0.8086468243088097 -0.40714616230594336 0.3757319267009267 0.7304290303387885 0.07204587601281001 0.08621347670605223 0.17068067389250569 0.3621614914316431 0.44972792982620635 0.5092005161583464 0.5698555067241677 0.6392088578629437 0.6487289129080785 0.846656177672487 0.9680294102165399 1.1327561033104856 1.2009636772779726 1.6170232562672042 2.493441190627155
210 2520 -0.8052590035224124 -0.40699007831893197 0.3740679347244057 0.7238212449449221 0.07204587601281001 0.08621347670605223 0.17068067389250569 0.3621614914316431 0.44972792982620635 0.5092005161583464 0.5698555067241677 0.6392088578629437 0.6487289129080785 0.846656177672487 0.9680294102165399 1.1327561033104856 1.2009636772779726 1.6170232562672042 2.493441190627155
211 2532 -0.809442460108375 -0.4079707701863554 0.37088223301477846 0.731746444754076 0.06512024335351012 0.08075400744035292 0.15387635488576282 0.36294290402892626 0.4445411478047949 0.47975302440310247 0.5430522777552822 0.5698053727830423 0.6859593580108059 0.8521118469917881 0.9794705947953332 1.0954653576122126 1.1866959662840513 1.5503365000727334 2.572671084299494
212 2544 -0.8118113006435334 -0.4153653416002045 0.3754167460084796 0.7360211953936281 0.06512024335351012 0.08075400744035292 0.15387635488576282 0.36294290402892626 0.4445411478047949 0.47975302440310247 0.5430522777552822 0.5698053727830423 0.6859593580108059 0.8521118469917881 0.9794705947953332 1.0954653576122126 1.1866959662840513 1.5503365000727334 2.572671084299494
213 2556 -0.8120294429160634 -0.41389016432792325 0.3816988923055328 0.7364129148636337 0.06512024335351012 0.08075400744035292 0.15387635488576282 0.36294290402892626 0.4445411478047949 0.47975302440310247 0.5430522777552822 0.5698053727830423 0.6859593580108059 0.8521118469917881 0.9794705947953332 1.0954653576122126 1.1866959662840513 1.5503365000727334 2.572671084299494
214 2568 -0.8109204914280677 -0.3924211822691641 0.3879086672289731 0.738381779767758 0.06512024335351012 0.08075400744035292 0.15387635488576282 0.36294290402892626 0.4445411478047949 0.47975302440310247 0.5430522777552822 0.5698053727830423 0.6859593580108059 0.8521118469917881 0.9794705947953332 1.0954653576122126 1.1866959662840513 1.5503365000727334 2.572671084299494
215 2580 -0.8078454071402159 -0.37079297187943894 0.3781460562651284 0.7337079614051927 0.06512024335351012 0.08075400744035292 0.15387635488576282 0.36294290402892626 0.4445411478047949 0.47975302440310247 0.5430522777552822 0.5698053727830423 0.6859593580108059 0.8521118469917881 0.9794705947953332 1.0954653576122126 1.1866959662840513 1.5503365000727334 2.572671084299494
216 2592 -0.7899260328339939 -0.3778905364781467 0.38656619461974867 0.736057450387254 0.06512024335351012 0.08075400744035292 0.15387635488576282 0.36294290402892626 0.4445411478047949 0.47975302440310247 0.5430522777552822 0.5698053727830423 0.6859593580108059 0.8521118469917881 0.9794705947953332 1.0954653576122126 1.1866959662840513 1.5503365000727334 2.572671084299494
217 2604 -0.7873422223497507 -0.38038072070827655 0.37478107064815347 0.7354429831840715 0.06512024335351012 0.08075400744035292 0.15387635488576282 0.36294290402892626 0.4445411478047949 0.47975302440310247 0.5430522777552822 0.5698053727830423 0.6859593580108059 0.8521118469917881 0.9794705947953332 1.0954653576122126 1.1866959662840513 1.5503365000727334 2.572671084299494
218 2616 -0.7929085560310382 -0.38669663816512145 0.3761810692508915 0.7405310830572746 0.06512024335351012 0.08075400744035292 0.15387635488576282 0.36294290402892626 0.4445411478047949 0.47975302440310247 0.5430522777552822 0.5698053727830423 0.6859593580108059 0.8521118469917881 0.9794705947953332 1.0954653576122126 1.1866959662840513 1.5503365000727334 2.572671084299494
219 2628 -0.7889954708553666 -0.3941089782124981 0.38271429856886097 0.7327558910386376 0.06512024335351012 0.08075400744035292 0.15387635488576282 0.36294290402892626 0.4445411478047949 0.47975302440310247 0.5430522777552822 0.5698053727830423 0.6859593580108059 0.8521118469917881 0.9794705947953332 1.0954653576122126 1.1866959662840513 1.5503365000727334 2.572671084299494
220 2640 -0.7905499523721812 -0.39348411085851864 0.3788033925731906 0.7428333063922098 0.06512024335351012 0.08075400744035292 0.15387635488576282 0.36294290402892626 0.4445411478047949 0.47975302440310247 0.5430522777552822 0.5698053727830423 0.6859593580108059 0.8521118469917881 0.9794705947953332 1.0954653576122126 1.1866959662840513 1.5503365000727334 2.572671084299494
221 2652 -0.7876737500975204 -0.3811197342226685 0.379825826433664 0.7453325324868671 0.06512024335351012 0.08075400744035292 0.15387635488576282 0.36294290402892626 0.4445411478047949 0.47975302440310247 0.5430522777552822 0.5698053727830423 0.6859593580108059 0.8521118469917881 0.9794705947953332 1.0954653576122126 1.1866959662840513 1.5503365000727334 2.572671084299494
222 2664 -0.7943330526583771 -0.38416689337766685 0.3744922702646266 0.7453195192065619 0.06512024335351012 0.08075400744035292 0.15387635488576282 0.36294290402892626 0.4445411478047949 0.47975302440310247 0.5430522777552822 0.5698053727830423 0.6859593580108059 0.8521118469917881 0.9794705947953332 1.0954653576122126 1.1866959662840513 1.5503365000727334 2.572671084299494
223 2676 -0.7989855858724292 -0.3924849837205983 0.37516523823220793 0.7542779031905777 0.06512024335351012 0.08075400744035292 0.15387635488576282 0.36294290402892626 0.4445411478047949 0.47975302440310247 0.5430522777552822 0.5698053727830423 0.6859593580108059 0.8521118469917881 0.9794705947953332 1.0954653576122126 1.1866959662840513 1.5503365000727334 2.572671084299494
224 2688 -0.8074662777872629 -0.38588531461827247 0.3732626237118152 0.7591613653299967 0.06512024335351012 0.08075400744035292 0.15387635488576282 0.36294290402892626 0.4445411478047949 0.47975302440310247 0.5430522777552822 0.5698053727830423 0.6859593580108059 0.8521118469917881 0.9794705947953332 1.0954653576122126 1.1866959662840513 1.5503365000727334 2.572671084299494
225 2700 -0.809860891076719 -0.38821378365108217 0.3837214792091086 0.7581371766609796 0.06512024335351012 0.08075400744035292 0.15387635488576282 0.36294290402892626 0.4445411478047949 0.47975302440310247 0.5430522777552822 0.5698053727830423 0.6859593580108059 0.8521118469917881 0.9794705947953332 1.0954653576122126 1.1866959662840513 1.5503365000727334 2.572671084299494
226 2712 -0.8089862123164491 -0.3897421679064041 0.37620072287402284 0.7580404354026797 0.05514667601598288 0.06680352547837683 0.14139906979113354 0.32980080319053984 0.4121897491817743 0.4399859083583577 0.4995859902681137 0.5707529081549957 0.65848221869678 0.8207773425971586 0.9273548435494536 1.1041350084908919 1.2040716614680602 1.589885931740234 2.6001922218318083
227 2724 -0.8115383766510539 -0.39086731484563636 0.3723278044660894 0.759692556437392 0.05514667601598288 0.06680352547837683 0.14139906979113354 0.32980080319053984 0.4121897491817743 0.4399859083583577 0.4995859902681137 0.5707529081549957 0.65848221869678 0.8207773425971586 0.9273548435494536 1.1041350084908919 1.2040716614680602 1.589885931740234 2.6001922218318083
228 2736 -0.8207096752039899 -0.3993851223925892 0.3789610971401765 0.7533119356561213 0.05514667601598288 0.06680352547837683 0.14139906979113354 0.32980080319053984 0.4121897491817743 0.4399859083583577 0.4995859902681137 0.5707529081549957 0.65848221869678 0.8207773425971586 0.9273548435494536 1.1041350084908919 1.2040716614680602 1.589885931740234 2.6001922218318083
229 2748 -0.8226196684032031 -0.4019073253555032 0.3907325006356742 0.7435881277958657 0.05514667601598288 0.06680352547837683 0.14139906979113354 0.32980080319053984 0.4121897491817743 0.4399859083583577 0.4995859902681137 0.5707529081549957 0.65848221869678 0.8207773425971586 0.9273548435494536 1.1041350084908919 1.2040716614680602 1.589885931740234 2.6001922218318083
230 2760 -0.8236609618914463 -0.3982468978554258 0.3779789177470221 0.7344240528790507 0.05514667601598288 0.06680352547837683 0.14139906979113354 0.32980080319053984 0.4121897491817743 0.4399859083583577 0.4995859902681137 0.5707529081549957 0.65848221869678 0.8207773425971586 0.9273548435494536 1.1041350084908919 1.2040716614680602 1.589885931740234 2.6001922218318083
231 2772 -0.8214401961186715 -0.4054279170636459 0.37502451005539184 0.7291957875064403 0.05514667601598288 0.06680352547837683 0.14139906979113354 0.32980080319053984 0.4121897491817743 0.4399859083583577 0.4995859902681137 0.5707529081549957 0.65848221869678 0.8207773425971586 0.9273548435494536 1.1041350084908919 1.2040716614680602 1.589885931740234 2.6001922218318083
232 2784 -0.8226138287602692 -0.4087391108653973 0.3790566299338407 0.7311625592527238 0.05514667601598288 0.06680352547837683 0.14139906979113354 0.32980080319053984 0.4121897491817743 0.4399859083583577 0.4995859902681137 0.5707529081549957 0.65848221869678 0.8207773425971586 0.9273548435494536 1.1041350084908919 1.2040716614680602 1.589885931740234 2.6001922218318083
233 2796 -0.8207013948037647 -0.4177039108569278 0.3746039191427273 0.7288867011192707 0.05514667601598288 0.06680352547837683 0.14139906979113354 0.32980080319053984 0.4121897491817743 0.4399859083583577 0.4995859902681137 0.5707529081549957 0.65848221869678 0.8207773425971586 0.9273548435494536 1.1041350084908919 1.2040716614680602 1.589885931740234 2.6001922218318083
234 2808 -0.8210642649244363 -0.41168184926535306 0.37620018244657616 0.7284275759354657 0.05514667601598288 0.06680352547837683 0.14139906979113354 0.32980080319053984 0.4121897491817743 0.4399859083583577 0.4995859902681137 0.5707529081549957 0.65848221869678 0.8207773425971586 0.9273548435494536 1.1041350084908919 1.2040716614680602 1.589885931740234 2.6001922218318083
235 2820 -0.8253743983969581 -0.4143494672052745 0.37440893718892726 0.7323607009931334 0.05514667601598288 0.06680352547837683 0.14139906979113354 0.32980080319053984 0.4121897491817743 0.4399859083583577 0.4995859902681137 0.5707529081549957 0.65848221869678 0.8207773425971586 0.9273548435494536 1.1041350084908919 1.2040716614680602 1.589885931740234 2.6001922218318083
236 2832 -0.8165124721953341 -0.4177950298916468 0.34653933143338755 0.7253379101063417 0.05514667601598288 0.06680352547837683 0.14139906979113354 0.32980080319053984 0.4121897491817743 0.4399859083583577 0.4995859902681137 0.5707529081549957 0.65848221869678 0.8207773425971586 0.9273548435494536 1.1041350084908919 1.2040716614680602 1.589885931740234 2.6001922218318083
237 2844 -0.8211045761321614 -0.42263553641493107 0.3321965301962847 0.7341029188455063 0.05514667601598288 0.06680352547837683 0.14139906979113354 0.32980080319053984 0.4121897491817743 0.4399859083583577 0.4995859902681137 0.5707529081549957 0.65848221869678 0.8207773425971586 0.9273548435494536 1.1041350084908919 1.2040716614680602 1.589885931740234 2.6001922218318083
238 2856 -0.8261951388826371 -0.4196215438786252 0.34033175897174095 0.7366103683667403 0.05514667601598288 0.06680352547837683 0.14139906979113354 0.32980080319053984 0.4121897491817743 0.4399859083583577 0.4995859902681137 0.5707529081549957 0.65848221869678 0.8207773425971586 0.9273548435494536 1.1041350084908919 1.2040716614680602 1.589885931740234 2.6001922218318083
239 2868 -0.8316326616574449 -0.42024293289289 0.3325155875643727 0.7464958788621393 0.05514667601598288 0.06680352547837683 0.14139906979113354 0.32980080319053984 0.4121897491817743 0.4399859083583577 0.4995859902681137 0.5707529081549957 0.65848221869678 0.8207773425971586 0.9273548435494536 1.1041350084908919 1.2040716614680602 1.589885931740234 2.6001922218318083
240 2880 -0.846196771632002 -0.3967075180724224 0.3385849749605806 0.7536924309647628 0.05514667601598288 0.06680352547837683 0.14139906979113354 0.32980080319053984 0.4121897491817743 0.4399859083583577 0.4995859902681137 0.5707529081549957 0.65848221869678 0.8207773425971586 0.9273548435494536 1.1041350084908919 1.2040716614680602 1.589885931740234 2.6001922218318083
241 2892 -0.8447543919483245 -0.40497375068163577 0.3291478342375484 0.7464836775598985 0.0458720130440638 0.059117218634213126 0.13086113637359334 0.298114785508971 0.36565134873441124 0.4562468378244336 0.48354644739711655 0.5477318806489598 0.6741908276604436 0.7550651291312016 0.8911183069542744 0.972198676382756 1.3163452254047732 1.6809281657315083 2.586602290520563
242 2904 -0.8446467786553433 -0.3945856144347584 0.35006578019548573 0.7424134760926467 0.0458720130440638 0.059117218634213126 0.13086113637359334 0.298114785508971 0.36565134873441124 0.4562468378244336 0.48354644739711655 0.5477318806489598 0.6741908276604436 0.7550651291312016 0.8911183069542744 0.972198676382756 1.3163452254047732 1.6809281657315083 2.586602290520563
243 2916 -0.8462632105780745 -0.4075457599063739 0.3523802783194861 0.7448230164413996 0.0458720130440638 0.059117218634213126 0.13086113637359334 0.298114785508971 0.36565134873441124 0.4562468378244336 0.48354644739711655 0.5477318806489598 0.6741908276604436 0.7550651291312016 0.8911183069542744 0.972198676382756 1.3163452254047732 1.6809281657315083 2.586602290520563
244 2928 -0.8479350202864493 -0.39674513494002295 0.33096192683532083 0.7563073063340653 0.0458720130440638 0.059117218634213126 0.13086113637359334 0.298114785508971 0.36565134873441124 0.4562468378244336 0.48354644739711655 0.5477318806489598 0.6741908276604436 0.7550651291312016 0.8911183069542744 0.972198676382756 1.3163452254047732 1.6809281657315083 2.586602290520563
245 2940 -0.8466951846147772 -0.4039482979704866 0.3282080656634751 0.7610805480756365 0.0458720130440638 0.059117218634213126 0.13086113637359334 0.298114785508971 0.36565134873441124 0.4562468378244336 0.48354644739711655 0.5477318806489598 0.6741908276604436 0.7550651291312016 0.8911183069542744 0.972198676382756 1.3163452254047732 1.6809281657315083 2.586602290520563
246 2952 -0.8468350051655137 -0.4242970811187276 0.3181653046443181 0.7641606224373829 0.0458720130440638 0.059117218634213126 0.13086113637359334 0.298114785508971 0.36565134873441124 0.4562468378244336 0.48354644739711655 0.5477318806489598 0.6741908276604436 0.7550651291312016 0.8911183069542744 0.972198676382756 1.3163452254047732 1.6809281657315083 2.586602290520563
247 2964 -0.841753546320178 -0.3923604454783778 0.3021250809052558 0.7656370157967979 0.0458720130440638 0.059117218634213126 0.13086113637359334 0.298114785508971 0.36565134873441124 0.4562468378244336 0.48354644739711655 0.5477318806489598 0.6741908276604436 0.7550651291312016 0.8911183069542744 0.972198676382756 1.3163452254047732 1.6809281657315083 2.586602290520563
248 2976 -0.8438971722301142 -0.391264027469349 0.2959287796011614 0.7692365937871463 0.0458720130440638 0.059117218634213126 0.13086113637359334 0.298114785508971 0.36565134873441124 0.4562468378244336 0.48354644739711655 0.5477318806489598 0.6741908276604436 0.7550651291312016 0.8911183069542744 0.972198676382756 1.3163452254047732 1.6809281657315083 2.586602290520563
249 2988 -0.8418024007018214 -0.3898493283350802 0.2961334598285049 0.7663244691656751 0.0458720130440638 0.059117218634213126 0.13086113637359334 0.298114785508971 0.36565134873441124 0.4562468378244336 0.48354644739711655 0.5477318806489598 0.6741908276604436 0.7550651291312016 0.8911183069542744 0.972198676382756 1.3163452254047732 1.6809281657315083 2.586602290520563
250 3000 -0.8432091520853432 -0.3851752465237858 0.28913546745676183 0.7657716057243927 0.0458720130440638 0.059117218634213126 0.13086113637359334 0.298114785508971 0.36565134873441124 0.4562468378244336 0.48354644739711655 0.5477318806489598 0.6741908276604436 0.7550651291312016 0.8911183069542744 0.972198676382756 1.3163452254047732 1.6809281657315083 2.586602290520563
251 3012 -0.8445597477182957 -0.38722050625195104 0.292020517124473 0.7684438566128877 0.0458720130440638 0.059117218634213126 0.13086113637359334 0.298114785508971 0.36565134873441124 0.4562468378244336 0.48354644739711655 0.5477318806489598 0.6741908276604436 0.7550651291312016 0.8911183069542744 0.972198676382756 1.3163452254047732 1.6809281657315083 2.586602290520563
252 3024 -0.8430096554319337 -0.39450203679589174 0.2952018814916376 0.7670636550273507 0.0458720130440638 0.059117218634213126 0.13086113637359334 0.298114785508971 0.36565134873441124 0.4562468378244336 0.48354644739711655 0.5477318806489598 0.6741908276604436 0.7550651291312016 0.8911183069542744 0.972198676382756 1.3163452254047732 1.6809281657315083 2.586602290520563
253 3036 -0.8425410701480825 -0.3746566062516777 0.28493807114975267 0.751303400039333 0.0458720130440638 0.059117218634213126 0.13086113637359334 0.298114785508971 0.36565134873441124 0.4562468378244336 0.48354644739711655 0.5477318806489598 0.6741908276604436 0.7550651291312016 0.8911183069542744 0.972198676382756 1.3163452254047732 1.6809281657315083 2.586602290520563
254 3048 -0.8436537056227239 -0.37774573112896215 0.2904999777164083 0.7607713528852331 0.0458720130440638 0.059117218634213126 0.13086113637359334 0.298114785508971 0.36565134873441124 0.4562468378244336 0.48354644739711655 0.5477318806489598 0.6741908276604436 0.7550651291312016 0.8911183069542744 0.972198676382756 1.3163452254047732 1.6809281657315083 2.586602290520563
255 3060 -0.8385881249572288 -0.3698380984261599 0.2814615917245872 0.7542843835994992 0.0458720130440638 0.059117218634213126 0.13086113637359334 0.298114785508971 0.36565134873441124 0.4562468378244336 0.48354644739711655 0.5477318806489598 0.6741908276604436 0.7550651291312016 0.8911183069542744 0.972198676382756 1.3163452254047732 1.6809281657315083 2.586602290520563
256 3072 -0.8383378585646226 -0.37791824405720764 0.2831460213502234 0.7640800894981086 0.041279508747809654 0.05575566914114451 0.13574551062844664 0.29742064511214017 0.3662223186991025 0.47947709379776426 0.5305063015862284 0.5623809811890927 0.688972999809462 0.7899664221370404 0.9186497470948889 0.9729316013673156 1.3630896063624045 1.6983480127251973 2.5089702670333702
257 3084 -0.8270178503413749 -0.3760897646350796 0.27202745727560795 0.7649360015541942 0.041279508747809654 0.05575566914114451 0.13574551062844664 0.29742064511214017 0.3662223186991025 0.47947709379776426 0.5305063015862284 0.5623809811890927 0.688972999809462 0.7899664221370404 0.9186497470948889 0.9729316013673156 1.3630896063624045 1.6983480127251973 2.5089702670333702
258 3096 -0.8280547308413386 -0.3817133118275652 0.27737684285453723 0.7687511895190835 0.041279508747809654 0.05575566914114451 0.13574551062844664 0.29742064511214017 0.3662223186991025 0.47947709379776426 0.5305063015862284 0.5623809811890927 0.688972999809462 0.7899664221370404 0.9186497470948889 0.9729316013673156 1.3630896063624045 1.6983480127251973 2.5089702670333702
259 3108 -0.8309824280058332 -0.3720679724537187 0.2807051811411444 0.7672696974726513 0.041279508747809654 0.05575566914114451 0.13574551062844664 0.29742064511214017 0.3662223186991025 0.47947709379776426 0.5305063015862284 0.5623809811890927 0.688972999809462 0.7899664221370404 0.9186497470948889 0.9729316013673156 1.3630896063624045 1.6983480127251973 2.5089702670333702
260 3120 -0.8290563429198858 -0.36942164335685784 0.2750488547433053 0.7615808786727875 0.041279508747809654 0.05575566914114451 0.13574551062844664 0.29742064511214017 0.3662223186991025 0.47947709379776426 0.5305063015862284 0.5623809811890927 0.688972999809462 0.7899664221370404 0.9186497470948889 0.9729316013673156 1.3630896063624045 1.6983480127251973 2.5089702670333702
261 3132 -0.8236917726817344 -0.37526773012953596 0.29075966059637215 0.749828451749829 0.041279508747809654 0.05575566914114451 0.13574551062844664 0.29742064511214017 0.3662223186991025 0.47947709379776426 0.5305063015862284 0.5623809811890927 0.688972999809462 0.7899664221370404 0.9186497470948889 0.9729316013673156 1.3630896063624045 1.6983480127251973 2.5089702670333702
262 3144 -0.8215453856122248 -0.3680322050106255 0.2864807551896725 0.7435991044236593 0.041279508747809654 0.05575566914114451 0.13574551062844664 0.29742064511214017 0.3662223186991025 0.47947709379776426 0.5305063015862284 0.5623809811890927 0.688972999809462 0.7899664221370404 0.9186497470948889 0.9729316013673156 1.3630896063624045 1.6983480127251973 2.5089702670333702
263 3156 -0.8237233875387262 -0.3688313299198772 0.2844840295870349 0.7424716012548332 0.041279508747809654 0.05575566914114451 0.13574551062844664 0.29742064511214017 0.3662223186991025 0.47947709379776426 0.5305063015862284 0.5623809811890927 0.688972999809462 0.7899664221370404 0.9186497470948889 0.9729316013673156 1.3630896063624045 1.6983480127251973 2.5089702670333702
264 3168 -0.8191794479638516 -0.3732268058478503 0.2898616946745742 0.7446811827244785 0.041279508747809654 0.05575566914114451 0.13574551062844664 0.29742064511214017 0.3662223186991025 0.47947709379776426 0.5305063015862284 0.5623809811890927 0.688972999809462 0.7899664221370404 0.9186497470948889 0.9729316013673156 1.3630896063624045 1.6983480127251973 2.5089702670333702
265 3180 -0.8162497377147409 -0.3767116777464744 0.3013712079458961 0.7585304112213255 0.041279508747809654 0.05575566914114451 0.13574551062844664 0.29742064511214017 0.3662223186991025 0.47947709379776426 0.5305063015862284 0.5623809811890927 0.688972999809462 0.7899664221370404 0.9186497470948889 0.9729316013673156 1.3630896063624045 1.6983480127251973 2.5089702670333702
265 3180 -0.8162497377147409 -0.3767116777464744 0.3013712079458961 0.7585304112213255 0.041279508747809654 0.05575566914114451 0.13574551062844664 0.29742064511214017 0.3662223186991025 0.47947709379776426 0.5305063015862284 0.5623809811890927 0.688972999809462 0.7899664221370404 0.9186497470948889 0.9729316013673156 1.3630896063624045 1.6983480127251973 2.5089702670333702
