% # columns="iter, evals, sigma, 0, fitness, xbest" seed=275182, Wed Oct 25 13:06:25 2023, <python>{}</python>
1 12 0.45416505804001583 0 0.001064092735759914 -0.06520921180356061 -0.5749385053794072 24.06923688796766 0.34723568798749693 -0.13449518530796511 -35.656029895072564 5.6506347000559085 0.10850397996423931 -0.40644164425361645 -0.07081149460856134 0.37452431847768103 0.7121835433871515 4.728475846175196 -0.17898165821696532 0.4014030538775215
2 24 0.46087978221216064 0 0.0009360642870888114 -0.07456036347646665 -0.3003505371776314 24.478541088507313 0.6882824731896939 0.45674317771909784 -35.667765999185505 4.839638426692623 0.8717729935468332 0.46321472456854 -0.1907067053463554 0.13990774521171642 1.038690623198463 5.438727038865259 -0.6112926630464297 -0.09810335359355982
3 36 0.48049628801333066 0 0.0009244491811841726 0.8861875443806436 -0.34131298849921343 23.764964259445378 0.0483603510348094 0.36523579219698954 -35.73149346014551 4.780683432750067 1.40984697539571 -0.476048336784034 0.08396993832699419 0.7521258199006609 1.3516594844824144 4.955886759701166 -0.07721276975418323 0.28817171287995436
4 48 0.4975725941665148 0 0.0009089388186112046 0.1755207201043023 -0.7023540394053503 24.152534406575523 -0.6081738321088359 -0.47567819383910653 -35.84085859689312 5.005779424535736 0.40837500810363114 -0.19379088036941428 -0.5978669998601316 0.8841297630265814 1.5863143263442399 5.359335697085894 -0.7377975095332092 -0.5337198375563195
5 60 0.5057385043506242 0 0.0009062890312634408 0.6142093929697705 -0.6313312829331178 23.553980273435094 -0.12108141195700423 -0.6307472434845558 -36.47068650677994 4.710373888615002 1.833969678453671 -0.6741385444290069 -0.9877487262726179 1.080452966600979 1.5006785144077301 5.557531304191443 0.48976839669417643 0.028576964328244137
6 72 0.4983886174963872 0 0.0009052574750967324 0.26099518175109604 0.5870065082324898 23.610372504091032 -0.07612647815821653 -0.6106149362701856 -35.732128193787254 4.9714844472512505 2.4164466744010262 -0.485619627679249 -0.6384665216232193 0.4907055918091504 0.5538418152437823 5.0914474360940005 -0.24897122300602062 -0.3571915988538094
7 84 0.49833724890046915 0 0.0008949675830081105 -0.02686768476262974 0.17588015257411915 23.620482551822043 -0.5661696696003109 -1.2914899314600903 -35.72080465157239 4.682094635818088 1.8390723085636764 0.3687040859788737 -0.5980422592786465 2.284816597581286 2.2129860104763717 5.646612573209459 -0.6375258593123831 0.08093630119148484
8 96 0.48566907576741636 0 0.0008666626526974142 0.45189124915491297 -0.15736230165790152 23.249597401368003 0.32016892374201533 0.16590387959541175 -35.49177747651881 5.156160191590522 1.9175034275550407 0.6666842910531493 0.038742193131499986 1.8656620173302387 2.517421261893086 5.791001126740765 -0.40491744194377477 -0.049931674596194166
9 108 0.48098082061792374 0 0.0008675014250911772 0.5598342225223049 -0.04234837842496794 24.607862220212148 -0.3353626648547594 -0.7992207352858511 -36.84197272897087 4.587547945399059 1.9245133544683966 0.8661215079801363 0.02154547019942639 2.034440657794204 1.7532822672986894 5.373957426254174 -0.4738051743325956 -0.12406694225590975
10 120 0.504775470157934 0 0.0008690518443472683 -0.4983824930713513 0.9338545604406201 23.314840104004062 0.7798164760965787 -0.10303121220114941 -35.61657051867948 4.626491180626496 2.803329495941599 1.169938212820591 0.24693369606431484 1.467509414236717 2.6088287225372104 5.528434589625081 -0.48976772896443665 0.8436024512040508
11 132 0.5193747668618798 0 0.0008872760226950049 0.38330753647147275 0.5744234115890123 23.654298619789472 1.0846209417707793 0.5134748166596881 -36.14950973546396 4.96728861982363 2.9923350417572916 0.8345233146037445 -0.354410771046458 1.1697081851080608 1.6607737753742415 4.904125378794803 -0.08607034097827398 0.7384215822157636
12 144 0.5264309759557304 0 0.0008869642042554915 -0.44673199911957817 0.0020763412501582645 24.01936807417921 1.1661489185539053 -0.8793264311363259 -36.2348759890893 4.789840429144346 1.7141513121542273 1.3889021907553674 -0.17724312109824303 1.3557600086531287 2.008704770192948 5.147430168784196 -0.2616351588781965 1.2596998519109612
13 156 0.5185481253658217 0 0.0008900720276869833 0.3379021579900782 0.4221453433181245 24.43701630443996 0.7786633008729404 -0.5514343686322236 -36.10490529764965 5.189536357111706 2.697883660825578 1.8165573967115942 -0.2829286776677232 1.4745175333916714 1.1180096911462056 5.294460636487603 0.3487805868793661 0.8179567846050871
14 168 0.54632381669566 0 0.0008981038699857891 -0.34500066286223097 0.15141724283284372 24.090424390103042 2.4447419142906597 -0.48261385366902776 -36.20155160453945 4.653659314624191 2.694375922159785 2.254579724021321 0.9778858313389196 1.2815359893920641 2.4983670014497634 5.501228186214014 0.3452033161690593 1.875610724417165
15 180 0.5428844143863667 0 0.0008998081320896745 -0.10500958390914747 1.3216207443624286 24.21060740554164 0.9184724420583691 -0.7969749468759033 -35.69353056554768 5.152548901744218 3.065968284359574 1.0090373757573168 0.9497640003189356 1.8151486596873874 1.1251295281851932 5.619435116420968 0.08942840338651747 0.8340670438563618
16 192 0.5137469276481497 0 0.0008894650381989777 -0.1666563430789587 0.1684309991803397 23.785300981068907 0.9841777852836134 -1.0296697929101117 -36.04446595958268 4.851259568707838 2.7180811643563154 1.0151533321687052 0.46468939461722986 2.119981294589085 2.374591862385098 5.303886340360238 0.8824934906757838 1.2932733467203033
17 204 0.49546857014918017 0 0.0008690836257301271 0.23187105212145037 -0.5479057305895435 23.036179425697668 0.5272707617280703 0.0036098033652428585 -35.99315908031186 4.661269549321194 2.6170658494586423 0.8755934161941775 0.36417133117214073 1.9405229294498623 2.1840743560269553 5.28796994052128 0.4091184693982365 0.8391835645487588
18 216 0.486037939811204 0 0.0009013465023599565 -0.023648230034495683 -0.1447053819980475 23.395471527762083 1.3326613331765955 -1.063990773910183 -36.45444028510067 4.669998381003729 2.8457415430695043 1.7327228605051366 0.5113962200344624 2.678311732930225 2.420843464568717 5.620732394786917 0.7249339580459636 1.893888805674898
19 228 0.47183431544447973 0 0.000884618260897696 0.2288410197552321 -0.4676757611564607 23.84177960840693 1.1215499519389254 -0.3796292061420959 -36.5867620829667 5.228147445862998 2.4647089364739565 2.27560038598991 0.1549369947452966 1.9279840710964633 1.5468858099173328 5.897728618979231 0.5750805724815716 1.641332545470434
20 240 0.4655959274634923 0 0.0008948030299507082 -0.11879871043668383 -0.9108899687788776 22.846127814805065 1.0044907698071854 0.20511179750778447 -36.46185801673406 4.2937046967218295 3.1666795939230443 1.740127959618119 1.0489438443894639 2.1821874032142388 2.9135542929248377 5.2934841233388585 0.6801311834967243 1.0991907200669089
21 252 0.4571685606038241 0 0.0009008308406919241 -0.3700808799580563 -0.7243307718601335 23.655026016032203 1.745978451090655 0.44387996401836494 -37.53064449627965 4.5169805105600895 2.7003047223013183 1.3621186128209817 1.1218287743371091 1.7055643129095879 1.5596453157367192 5.0537689549663485 1.1340508003278247 1.5793189261173377
22 264 0.4482022423928307 0 0.0008717201999388635 0.538957974929839 -0.6474260333339469 23.860336368648923 0.9773823604895187 0.20136627212792713 -36.854882296272606 4.611409990161592 3.155655030177391 2.0146267091399777 0.6592107964725372 2.5025810756159177 1.8893889586706032 4.950442991775337 1.18529327797768 1.3054097626373586
23 276 0.4528129852531202 0 0.0008812207379378378 1.0020540189462395 -1.095841097150058 23.783701054886993 0.6525900408912118 -0.707900727783763 -37.37299263517191 4.759484732938268 2.7145855195846686 1.6861095358631122 0.6586291298357932 2.3804311386770447 2.1427575912980434 5.048312629975206 1.0949165207947595 1.7106061975730045
24 288 0.4873094591553105 0 0.0008606918854638934 0.4164136345671133 -1.7051405186049426 23.75015198850821 0.3354702172842404 0.3688360498337635 -36.53620589433346 3.6888944299538267 2.4983804308237536 2.241820366101982 0.9112708276763498 3.107495607110216 3.6828601662304012 4.4294671460623665 1.3583019388161406 1.269080144675972
25 300 0.4945957150633279 0 0.0008597627747803926 0.14998728091545038 -0.9485882098448187 23.414270649372394 0.5556670979328893 -0.4504935786060862 -36.652574602807654 4.397170663256416 2.6886154048279187 1.465401534895352 0.2850606534524498 2.2039028034939143 3.341855402917025 4.716656096882873 1.3602616700751085 1.3771013814851902
26 312 0.48319207948076404 0 0.0008757898467592895 0.8140098454744048 -1.7430809106496061 23.73431237462596 1.046488405601384 0.49632416937707524 -36.91154157017594 3.793992048958161 2.16636850823699 2.453165875852534 0.3331735232932068 3.3782101109754583 3.6077092997503124 4.39338309355683 0.6475751483460592 1.3687628786427641
27 324 0.4699665027449956 0 0.0008415818447247148 1.0081822433931042 -1.7022135207556888 23.84505785314465 0.5088425392072313 0.6212294529060738 -37.15286275585646 4.2439826087896995 2.425266018943322 2.318536911925446 0.19498725063416855 2.16125971160715 4.039478950926246 4.345928965617274 1.1276546397513587 1.8500828597478653
28 336 0.4649885846600115 0 0.0008474703063257039 0.9287688662248412 -1.1504570449132967 23.926906427282802 0.02614102243729055 0.03968213452964417 -37.08120979631526 3.5999544568572475 1.9036498589621151 2.006233978008718 -0.020246149213810072 2.2389165588873854 3.847690582163134 4.423771778245634 0.5068589474469206 1.601991170938906
29 348 0.4630835526673972 0 0.0008781965007074177 1.0779046957935197 -1.199709565314367 23.209445957417362 0.3010393270500088 -0.13196564692935753 -36.93731413910798 4.261660950793969 2.4840770978291493 1.7415981428651912 -0.4528381513660214 2.124613798281598 4.687593235115817 4.394616356880196 0.6121019014518352 0.6479151795267843
30 360 0.4741242854980611 0 0.0008521737763658166 0.5226242885007315 -1.2960060799594428 22.695668142078127 1.2050816942493388 0.05716990539355535 -36.830387993350584 4.722325637209142 1.908979270228202 1.1248160764933202 0.9941861896399576 2.8656276777654304 4.7962042451812374 5.323142506511245 0.7118330651640449 1.4378413411383897
31 372 0.49222041550084406 0 0.0008438036893494427 1.178558814445235 -1.1804172945061513 22.587509386866827 0.051338809472017355 1.0366384219436633 -36.64047511948345 4.217781569074536 2.2544447007220185 1.2773517598587536 -0.19550906413301428 1.8717315539062027 5.593505850281731 4.1771092675708745 0.5475318324883284 1.1237559489539362
32 384 0.47511637367927023 0 0.0008460517856292427 0.8567674301713378 -1.1616811163474805 22.907753197788644 0.17732282301318794 0.15830680124569912 -36.614097419271864 4.091125422976365 2.2432405727363895 1.23936110512809 0.09184363156169642 2.2149958056074137 5.057685301991983 4.125188701925415 0.9563549769206892 1.6288812264372132
33 396 0.44977620193128576 0 0.0008468008600175381 0.8951683077857324 -1.8546372279901004 23.37677431325891 -0.13523166061593428 1.1340135000339273 -35.66533530863085 3.4303733650406874 2.0260184326583532 1.7889612700143418 -0.2311368791279239 2.10093658632774 5.474481876488641 3.929888054430726 0.8208285078391844 0.8225184280895432
34 408 0.44933232447735716 0 0.0008315934101119637 0.8865123454968704 -0.9144905736718077 23.16474065238427 -1.0056181885693989 0.5491567030726672 -36.92739034522099 3.3836695040175084 2.417195593460232 1.254710856228114 0.17902339270122875 2.4888576842941683 5.458189804033398 4.5171680353033405 0.8605286437125917 1.3981330067568989
35 420 0.4496423868887072 0 0.0008554963860660791 0.5635137605750393 -1.4518457302322028 22.953076814870496 -0.3066804791664783 -0.06912891398206061 -36.26687720086357 3.211866037931075 3.0147880184286207 1.3696739260916082 0.49545822561301744 2.3297852521700584 6.037395844995551 4.604647339845011 1.4906058467680086 1.0352867930057654
36 432 0.431599086788594 0 0.0008364219102077186 1.3766395668328282 -2.0948221683020822 23.126785790979177 -0.5598210289537723 0.16543906945144454 -36.93643827278733 3.6044130094173332 2.140063079288145 1.4575281804328422 0.500643854140084 2.5167230760703467 5.2292652743213885 4.000531651932146 1.165638990676568 0.8188889891433924
37 444 0.4047396475870596 0 0.000844850845169276 0.8143525767359555 -1.4636615169771152 23.71767479295256 -0.4457040810257019 -0.19063778535342313 -36.9792521339657 4.044293432881185 2.3559110549608806 2.2245639887056474 0.458826251393305 2.35253946971657 5.520164957166496 4.288535232760455 1.424947026249077 1.6319245928909716
38 456 0.39655528041472404 0 0.0008342073997482657 1.5176859141048815 -1.4412397283695522 24.040388402849914 -0.40891344401327595 0.5551112271989487 -36.40535576106244 4.328433761799347 2.48741832502361 1.8850438984492137 0.9357978451526661 2.54928223374396 5.303854258455878 4.640655780680865 1.1758779897247325 1.4310374313617928
39 468 0.3797200530155502 0 0.0008310464909300208 1.5758879296415944 -1.2623425285184602 24.02399239554396 -0.6774235428567056 0.7027863106732664 -36.89009584445037 3.7517986931396243 2.6150894552456765 1.5689850221866317 1.0211403588467807 2.0550924639603023 5.623809821557611 4.563457669498943 1.1513857755611427 1.0639642556520679
40 480 0.36062117716980674 0 0.0008289818651974201 0.6603493963376934 -1.1759135927108393 23.936675697902547 -0.25226145985903026 0.11684153131661776 -36.67180932534301 4.11203312996733 2.800639277221091 1.9980470148039464 1.4406588832282154 1.9366636156591472 5.392362640992662 4.5650982797231885 1.5598758303945834 1.3856143428399474
41 492 0.34804168647440203 0 0.0008137575932778418 1.5109860621046676 -1.4930353218029397 23.990139459407178 -0.5328861939796886 0.45166323090008675 -37.174596021179944 4.0709385390288375 2.650865926144204 1.9852840644167364 1.7344998323533685 1.9475302739525953 5.483514827752142 4.37631018518834 1.427584958439633 1.4416815824904592
42 504 0.34070090682334725 0 0.0008198930881917477 1.0891683236966547 -1.4277726935483785 23.413006175210604 -0.8911675964475607 0.5282076966275856 -36.50330082121427 3.3907520638872692 2.9500721349133974 1.4105434973361017 0.8482599040509686 2.1617206667593183 6.596871946742249 3.9218866305301936 1.636646164361608 1.1636431859389011
43 516 0.3385095097332862 0 0.0008219701121561229 1.3359458829875779 -2.1302673172751208 23.41793235975019 -0.6848056925348031 0.32784847802597866 -37.19495906108982 3.777136787475909 2.368663749094854 1.6961770815466348 1.3447472118832375 1.7448168622185358 5.550343142177286 4.248493869706942 1.7502004379607023 1.4506879559070658
44 528 0.33176462683463426 0 0.0008221160969696939 1.394145044576368 -1.9598731016268967 23.548981006789457 -1.1716792097673758 0.3059094181695425 -37.380026037168854 3.3762867190751185 2.7987046102159865 1.401219741043293 1.0119089530813379 1.583493217763207 4.9364389195994125 3.6356627346499097 2.0064953844437983 1.2753266316652268
45 540 0.3503883743975345 0 0.000816094281617552 1.4417860685492463 -2.1901655832269182 23.054106340089923 -0.6353327347774413 0.2785034184927101 -36.28349391325993 3.2760925397242047 2.1926358945534066 0.8210948590231001 1.6564180363726164 1.0787748343143213 4.967963685971028 3.608288707791745 1.430060398063577 0.926176795452855
46 552 0.35791125913759714 0 0.0008224478806369007 1.558245523376763 -2.1999128672450468 23.193463618420566 -0.7036165655588702 0.05586412326509504 -37.40243262462576 3.7890645544653374 2.6141390145210104 1.3739404631095014 1.5971543271959145 1.2693160774035301 4.975467102229066 3.87976570546597 1.8728549302512199 0.9995053596836837
47 564 0.3625219314267175 0 0.000819767767097801 1.1400295799159876 -1.9510982181617076 23.496539516504587 -0.9976225628750508 0.3475251355238629 -36.48678950039417 3.19643537436866 2.3885050811978377 1.2009051267432278 1.4349852632314986 0.6728869178558289 5.544286734821899 4.101690835301922 1.4085049747875984 1.2804073368141768
48 576 0.3689672299701742 0 0.0008122316212393343 1.8200348534517392 -2.877289853042363 22.953942298083657 -1.3125705640175351 0.29551420274584583 -37.35961485521029 3.554134480180707 2.243941125944472 1.3744458345261679 1.4528408185820427 1.5365066816815474 6.207694464579037 3.837260621832777 1.8375825712601335 1.6013399373016806
49 588 0.3958060268724092 0 0.0008114958181977272 1.6183482739560806 -2.5020442168831156 22.330980954380788 -1.020400218664442 -0.09184965172082715 -37.095155478358656 3.419709630181845 2.462127629860515 0.985910960795852 1.6293409345277194 0.9248225809611541 7.046611545654014 3.5475539462110772 1.8804536014740458 1.5760499772689598
50 600 0.4022176818640163 0 0.0008039300446398556 1.8912651114726318 -2.2451082211255393 22.653125693833232 -1.4110738705012538 0.2991020748295726 -36.645786994145524 3.123520595057729 2.474441230096955 1.0765753307996733 1.6746160920844737 0.3756074037895136 6.4264276889440595 3.485599176602309 1.4884436898671005 0.9547200222609257
51 612 0.39897740449541735 0 0.0008150697685778141 0.948222857016469 -1.6315872913244958 22.808092029319106 -1.596703418845256 -0.3970307568410382 -37.045710810838585 3.003142165171081 2.7772781429892244 0.941158608585679 1.5647981919979745 1.0895110476762022 5.5969273825414225 3.9623106536529877 1.4531352394412298 1.3158541957564371
52 624 0.42193805362661807 0 0.0008205242338590324 2.0633649694232283 -1.835907113212171 22.940134712266076 -1.9733852048894658 -0.6361785986284715 -37.63109065745065 2.625673597885373 2.1949002284179606 0.602305164174345 1.8066117578363556 0.4625386434812166 7.069007946082574 3.342321104209672 1.4687154268372213 1.7813780885111832
53 636 0.4249594736082802 0 0.0008031477336771786 1.5739081649875615 -2.077440855028788 22.954801975983457 -2.2443690736175417 -0.25393123906590515 -37.35026570761618 2.7997581398351254 2.8221465708122064 0.8781472855553834 1.4599475487618587 1.2220809594081552 7.001420123002507 3.7819161991945025 1.9367481359853265 1.1361758060332825
54 648 0.45515397470865754 0 0.0007872841088101268 2.674888731663522 -1.682274478108663 22.872321713216802 -2.3936509212529664 -0.4062435643468493 -37.49661661539446 2.429034476126286 2.9107446255754685 0.7097500455681947 2.1863187904846533 0.28991034768320356 6.516788267978004 2.7895170696916596 1.8552973674327538 1.1047977569781626
55 660 0.47772553870258166 0 0.000795133353676647 1.9645800155142181 -1.9675163037917809 23.034462572002422 -2.309779776345869 -0.9197346909822512 -37.30697368430781 2.4212542972013185 2.719489042416673 -0.03547717332503442 1.6493452240657491 0.49467653855876703 6.768088417126851 3.07541320968231 2.1650571044212636 0.44387638973110644
56 672 0.5250773929024246 0 0.0007812722469680011 2.920479736658254 -2.23152166533036 23.3378155857929 -3.3583345335423047 -1.2151974262435534 -37.23171704951966 1.916080970497501 2.449746397005893 0.4179020046144584 2.5851159178585195 -0.5809383328834885 7.4125010758876195 2.712123854667001 2.0867848767718113 0.6944974946283837
57 684 0.5605930603517076 0 0.0007898107869550586 2.9477272975383717 -2.0959287859323656 23.887416643398954 -3.230183419255704 -1.0474322734506396 -38.472868006555686 1.9967460212547214 2.652325936765078 0.3399185440333235 1.5051822221477866 0.4545026237055663 6.533093838182481 2.5050393766625616 2.295055135156061 0.6770682568664117
58 696 0.6100262728122557 0 0.0007888705004006624 2.69411450980315 -1.527304362181566 23.88588565192709 -3.866498519854732 -1.9742569439443727 -39.010258429276206 1.751159934063071 2.9746286649251155 0.8639679843215679 0.8329604094102094 -0.05173020226988617 7.027440863363009 2.218187106058909 2.194479450092281 0.70362543122175
59 708 0.6434780149918828 0 0.0007813415140844882 3.636590349266722 -1.77297827055525 23.674807967602522 -4.27279250985052 -1.2548100232428756 -39.70323153092033 1.2355722630679957 2.809547832039822 -0.2894386246264887 2.8461605204548737 -0.4287771378427869 6.571326982222215 2.0320081913103256 2.256507376820344 0.579495213896159
60 720 0.6590225811207886 0 0.0007823876803740859 4.140510054114615 -1.5889489487591089 22.940103674043655 -5.536898043060006 -1.9596928408902012 -38.538679404428535 1.1897787042565362 2.398162228295421 -0.8039571112235637 1.7793575410886422 -0.47806377937919897 6.6652406062107366 1.9155076052384306 1.4669127691513215 0.03721864662825569
61 732 0.6779527265529393 0 0.0007866024971008301 4.433705625830628 -1.626912350908665 23.30831949495372 -5.198615803045637 -1.9370102969986445 -39.549211336490764 0.9319442194443804 2.74771270290889 0.7980537144427295 1.880595330194013 -0.3108906946299768 6.206367751716084 1.8003507637322858 2.274187164196129 1.5120224054563494
62 744 0.671358380887611 0 0.0007845775689929724 4.323094091077713 -1.2293968896058685 22.885009910579306 -3.8781883088179083 -2.444866632120724 -38.74812664953173 2.588643804849062 2.541790694726105 -0.8207515353177037 2.5763325152647765 -2.396864542658397 4.76596884414457 1.9717955591922023 1.9609666431760555 0.2279632943914348
63 756 0.70512099775286 0 0.0007746541523374617 5.582911385281053 0.12784679154496525 23.69795554562876 -6.047574494191694 -3.1367323801436675 -38.37530857681337 1.457926012476198 3.192022782340932 -1.3037267187867227 2.5859518757600415 -1.561084393098652 4.970483815415585 1.2738746139159836 1.8008959219664824 -0.6832356107158891
64 768 0.7247517303892993 0 0.0007683761650696397 5.04881969368047 -1.320729417624011 23.72399848941872 -5.520976735705612 -2.6466264719627532 -37.57518036501399 1.3640955554073326 3.0825642516382845 -0.8206888110994816 1.4341979146974972 -2.256307052710532 5.588240007615729 1.2009460903915963 2.153836938681477 -1.313802034199877
65 780 0.7795056201502931 0 0.0007614437490701675 4.677872661192466 -0.4100968078184104 24.607913313115784 -7.151128846546035 -2.922423106728345 -39.79177466686725 0.27069948595471105 3.311581219713368 -1.8980876031241112 1.3713306029346264 -3.4998553974994833 4.365926390434511 0.9100392783694815 2.0155736176627568 -1.9323992751758878
66 792 0.8205820956450373 0 0.0007849450339563191 4.869884002358048 -0.4895579933771055 25.753911507953337 -6.554071056524085 -2.6259726024050773 -38.987052763533335 0.2255506085416552 2.004623315842773 -1.5629726811934057 1.297917054331741 -2.889979076718141 3.7980505649435465 1.0814474023225018 1.1028536149779273 -2.83126566745787
67 804 0.8465402399681127 0 0.0007609471795149148 5.0150409748094456 -1.6219241037950305 22.845386623036077 -7.0772494156524175 -2.272212038178486 -38.89340558087941 0.04016836210931829 2.318465805472236 -2.0493402612682394 2.0478834963124015 -3.2847880999092203 5.298392000452093 0.9027247008558125 1.3723678319242807 -1.7947894736987673
68 816 0.8539536101853559 0 0.0007593066547997296 6.425339528108783 -0.25660570995166654 24.418504151428067 -7.8317654058097155 -2.4747932249254974 -38.52568677211088 -0.2712367485113747 2.512151775627021 -1.4880453084695575 2.248907721900115 -2.42398474599392 5.0582915729227595 0.09364419975560279 1.129770619969628 -1.9791110059368138
69 828 0.8241169203997262 0 0.0007542117964476347 6.706113680848635 -0.20203515220505608 25.495044086823786 -8.652730847621362 -1.969221558326441 -38.690461070855754 -0.9382498249224391 1.863146991064944 -2.4030581029035636 1.9555472422150941 -4.673275134458339 5.203883545360794 -0.41322684811665644 0.4974851391159155 -3.2836268492405627
70 840 0.8080117793048356 0 0.0007737820269539952 5.32817828109402 0.17780582792643984 24.32187578416241 -6.827770054860554 -2.0502593043634514 -37.51591585026668 0.3716797363047037 2.270084099466861 -1.9203184617234084 1.3183682723633932 -4.330534091867204 4.983149803916712 1.2262296293805288 0.28938877066805124 -2.9400665561589614
71 852 0.7544129954781823 0 0.0007603270350955427 5.799645318148762 -0.5909977925508565 23.967751052433343 -8.788538349397953 -2.8885728397526154 -39.186381244695944 -0.5961185801406828 1.5550125787762252 -2.8236787635989726 2.11811637096935 -2.915913599234412 6.2540388587094675 0.41015188110634854 0.6011791686015948 -3.0605748711184084
72 864 0.7384660351550105 0 0.0007514440803788602 6.6301432165471 -0.7420324366341025 23.948833276382917 -9.664674106031718 -3.791633560534522 -38.83889850710515 -1.516826115882113 2.272196935810043 -2.842183414611787 2.4085315638147113 -5.854161629507405 6.559540618326677 -0.4777181850281808 1.2366806107217214 -3.0953160944996645
73 876 0.7225610728563182 0 0.000749136321246624 6.034285177651475 -1.0470646610791248 24.956021958219452 -8.457841805831753 -1.6755903976172626 -38.668863592036715 0.2267952611019023 1.9047887039295837 -1.8280052011947563 2.735626680321075 -4.907935865156137 6.087978593975965 0.8004256152447057 0.9462096065097204 -2.4064251237374057
74 888 0.7349272430514114 0 0.0007572853937745094 6.158232376919095 -3.1401752643506735 23.442224607318522 -9.425443324464805 -2.1254910822108646 -39.08040690852643 -1.3081308290382547 1.9579092359894683 -2.1646642651298085 2.8592621422482596 -5.117086348992274 8.558953319926538 -0.5687187582673132 1.8023514643979 -2.6934500475669263
75 900 0.7360980485331966 0 0.0007463027723133564 5.9104355165325115 -2.715867708870454 24.526990990899993 -8.994650535414769 -2.656806333991155 -39.145494802675735 -0.6030977823889367 1.3552567892862453 -1.3930350386892782 1.6611258419385768 -5.237171165425578 7.715898560004414 0.6206990557992895 1.2646426901354992 -2.4362130791503387
76 912 0.8061557086450931 0 0.0007349640945903957 5.783603199460105 -2.863323135854759 24.924991976829908 -10.196114675247395 -0.9562958775418704 -39.20354176016094 -2.1334997366735218 2.279462757906966 -1.311363409203764 1.8099767191620928 -7.0875018028502845 7.506596611374149 -0.7956292391383439 1.8138248124019771 -2.9775416920656417
77 924 0.9011334264097829 0 0.000736404093913734 6.2328072172158 -3.213614605114062 25.128669535595392 -9.890819389394457 -0.5778763843461835 -39.68505036511593 -2.394601640219088 0.9490246543762917 -0.8754222642090553 1.234581723788549 -8.97498321989979 7.112770494838277 -0.9302947620420274 0.7783263968359176 -2.6187448018986776
78 936 0.9486439060668006 0 0.0007693199440836906 5.930805151816637 -2.689286662388348 24.202086512494077 -10.090602555007095 -2.9439013686580657 -40.150346532851735 -2.560596669086613 1.498984774219494 -1.8575513797150747 0.941342537475633 -6.96246847753198 7.904869931578237 -1.1552997452688683 1.8679833325108328 -2.632261711081634
79 948 0.9512115867829621 0 0.0007294943789020181 8.226677465651399 -3.406048661294119 25.043370493716143 -12.683859723232366 -2.60682834314666 -41.50614984853511 -3.662465348361287 1.3287239503308739 -2.280781444744071 2.0216913167207684 -9.557964142397713 7.799568567406938 -2.3046526209107374 1.9640221027999507 -3.579588087734755
80 960 0.9433594819900021 0 0.0007237715180963278 6.895049827400276 -2.394555316656035 25.704439227330518 -9.020359875758338 -1.345791317615653 -41.27326834371224 -1.362167513783145 1.2926740952505884 -1.3734381162250484 3.060401093634776 -6.973942417339647 6.573743838115118 -0.8423329719592447 0.914648296720792 -2.6272981758304845
81 972 0.954477787057914 0 0.0007311010849662125 7.813855881638883 -3.6969278273362844 24.16219620372136 -8.507778532108679 -2.9655090235438517 -41.74430801275027 0.06187240445027409 1.5860499593837893 -1.2177082356822968 3.971490163745263 -6.913813905522648 6.352365656135633 -0.42761550098403733 2.3853065524208374 -1.1761866514619128
82 984 0.9966385287246434 0 0.0007349438965320587 9.42946857093746 -2.56229697638866 25.0716788889848 -9.587870833526171 -1.3880955104585215 -42.224911383032286 0.7283696194247746 0.9487544938529846 -1.9286633532440876 1.5516240939968604 -8.494545236371936 3.173599418283802 -0.33458041864966714 0.9936688590172711 -1.642747595248042
83 996 1.071235432704956 0 0.0007398552261292934 8.966681840398731 -2.7532557579637955 22.695700804866807 -6.8549845687968185 -1.378453921955895 -41.40369974318822 1.1003274824693243 -0.41638381701168137 -2.032754642863873 1.912327561277169 -7.506863887908683 5.480449769918957 -0.31008053935219343 -0.08225199981525844 -0.9049085905913887
84 1008 1.141499376909763 0 0.0007339624571613967 9.67617154004054 -2.62371972173739 26.42050783077412 -10.055824943577665 -0.21959721545971322 -42.983671413055305 -0.8918881358003851 0.01570536417375698 -2.9986764535570702 1.7060182684103975 -10.39329306257724 4.6726777144303995 -1.118372686637317 -0.5156701728353277 -4.392353139751162
85 1020 1.2197017163583597 0 0.0007358029251918197 9.722410116855134 -2.739967319953782 24.681843216207195 -9.771476225389222 -3.2410796782584006 -42.20825115536285 -1.0151795652592845 0.20093021094793972 -1.4852654402748253 1.9679865159048697 -10.603564564092325 6.20985677546628 -1.7408618096154056 0.31884593731065347 -1.914738840613983
86 1032 1.279905609075546 0 0.0007205868605524302 10.89852274798468 -2.525395463885292 26.788893739958368 -12.777527247347283 -3.0760344969407445 -42.17941618017821 -3.049900161739931 -1.3381319254431663 -2.4374258759640024 2.989289528642861 -10.859805334721608 7.681543109378896 -3.0346063405718384 -1.4276071537928288 -5.192281985827109
87 1044 1.3556453175818697 0 0.0007323022000491619 13.302391215229491 -3.0015138903576286 24.309034415405172 -11.798137282198262 -4.5746562082693245 -45.6226335115268 -2.544090097275044 -1.8772864691340994 -4.2030623022956295 1.6721171666816337 -12.225795876496596 7.539264185621298 -3.3680110925762152 -0.4187806442866239 -3.567783739618222
88 1056 1.2843274612894262 0 0.000775594322476536 8.591290763176312 -4.184845651417898 24.585184975724466 -9.305936929004767 -3.4491615314059185 -42.650753473393344 -2.5078499854275833 -0.13657861200098043 -2.544288549144211 1.9073878211256334 -10.210817302528914 5.985973597902838 -2.112801336930299 0.8551095994493585 -2.7783990791412503
89 1068 1.2017018437032965 0 0.0007532627205364406 9.029600839860443 -4.839142454065139 26.237921474052147 -11.639011200277514 -4.480649074804429 -45.57785251865349 -3.996731206110631 -1.2077098786985667 -1.5997670928806929 2.2247875309247753 -10.853784881269089 6.3648160417868676 -3.449093751001321 0.29490870703818844 -3.02802487135948
90 1080 1.1327741373812692 0 0.000756136083509773 11.93723046739279 -4.0560466266968245 24.689485552380262 -12.136753269975163 -5.3364245855225745 -45.64842292911857 -2.5558348063775274 -2.244970191900087 -3.560672780001863 1.1315379805481087 -12.640523674512696 7.434434953855818 -3.4673897881838682 -0.6054626852164829 -4.865149366659824
91 1092 1.0773438222221434 0 0.0007451103301718831 10.507824829959729 -4.386548205749092 23.65536776381946 -13.636805655080703 -5.017180902812796 -44.74965919527662 -4.908258778831521 -0.5741788365025211 -3.7641184316207803 2.3496749843384577 -11.237833935517717 8.696411926576893 -4.07407838255341 0.7933213517567763 -4.6560828037016435
92 1104 1.0351748922696482 0 0.0007268916815519333 12.707218278243888 -1.904476459425474 24.080401992970504 -14.53473707610806 -6.407755242233194 -45.68846791815299 -5.247507102208074 -1.835898952162494 -6.564637243614763 1.390956996267792 -10.87717598381208 6.557730920214014 -5.0403709195207655 -0.931842989541263 -6.782992350677299
93 1116 0.9817687596799324 0 0.0007151613244786859 11.633136611398474 -1.7950689672057412 24.80486463798638 -13.516143790611707 -6.163930608379657 -45.57293597672813 -4.770564613850899 -1.5132158842673755 -5.559395420405234 1.5677120192288192 -10.9329342472842 6.639576378546769 -4.541561680191309 -1.0622861786827569 -6.011489567158962
94 1128 0.8907373189442612 0 0.0007165227434597909 10.08340650326591 -3.8495919324202235 25.025398461801995 -11.006330087607175 -3.456495397283755 -44.26803054690235 -2.7580958525076182 -0.359933131545104 -3.612620828297124 2.340740364935688 -9.377250920317678 6.504584251590466 -2.761004224830777 0.9559196504982109 -3.98579971320353
95 1140 0.8167153602362018 0 0.0007120880181901157 11.611130197547876 -5.4536781336485785 23.827181895889392 -13.080128581699164 -4.370832400550079 -46.50007440255855 -3.1722861261432613 -1.6170599756968174 -3.617760360612869 2.435285487555065 -11.381556054175265 7.1673758821929665 -3.5759893244416405 0.9471922738085522 -3.6193413697186925
96 1152 0.8370887480698765 0 0.0007124374969862401 10.333170369119253 -2.6972585166674046 25.097731395038796 -12.160176384567732 -3.4767786245797163 -46.99086436545542 -2.764144009758728 -1.2555950167260725 -4.3313718866225175 0.6689406467178811 -10.841489340522104 5.91884635035381 -2.923216629313628 -0.7518054130967555 -4.673599171692928
97 1164 0.8791705573041146 0 0.0007060070056468248 9.805895711398072 -3.230967917940366 24.811038535606304 -10.471145262192085 -2.2356134698211534 -47.84099648876715 -1.4547805601919657 -0.38787323065776347 -4.2649299668954646 1.5997744846549473 -11.215799360598961 5.84009848585867 -2.0959645134647653 0.375340518448693 -3.1270732430195003
98 1176 0.9387316310756844 0 0.0007249712944030762 11.379293670881461 -3.438354785733793 24.0658233376328 -12.016019634814581 -4.797356366702402 -49.94538829711577 -2.4791811387508558 -0.7490959752856903 -4.657541001447386 2.137457126456652 -11.684221631749324 7.36778799776226 -3.4706533322420894 0.7757649946304837 -2.6661841976203675
99 1188 0.9434279965273058 0 0.0007123409886844456 11.584013195052924 -4.075700938963376 24.978723046500065 -13.088182712687036 -4.130772517585226 -49.99621451400641 -4.166415767463855 -1.5556406727650822 -5.2844442940106235 1.2469490490397446 -12.963339671631672 6.1278628051749395 -4.149872045990625 0.4565148066710588 -3.6868006334894883
100 1200 0.9484798157548442 0 0.000726273050531745 9.500190297191686 -2.421485743499252 25.976602661465805 -10.128565168069125 -2.403381306968069 -48.096308402556865 -1.523258177634094 0.13908425454337703 -4.108007989930268 2.777131399500136 -8.717404591733178 6.507418124264164 -1.736034073026923 0.4530038186192128 -3.0228097856571896
101 1212 0.9628752786793792 0 0.0007286122418008745 9.999229177964 -3.786978391785211 24.148256051936176 -9.272305177854186 -1.4418231439974656 -50.266451952029264 -1.3413568776068203 -1.6101271673430535 -4.372208136327521 2.1949813703277283 -9.802328137130361 6.744039995091594 -2.0151825083773276 -0.3430391751883663 -1.4687598305814469
102 1224 0.9447948257054012 0 0.0007206798763945699 9.462265334584359 -3.27344419761316 24.51944765284534 -10.22495148065301 -3.2241424356926416 -48.98517069474343 -2.2633198232840677 -0.5346238630400522 -4.1673526640605925 2.3374330756349413 -8.65111255451053 7.331428632874545 -2.191804725292604 0.3914919853033917 -2.3970692104087563
103 1236 0.9341673688446613 0 0.0007277195691131055 9.135247730148581 -2.12847949753267 23.42542102896953 -11.120022983709703 -3.7573228448708527 -47.784417644804385 -2.3378068211474288 0.2774070020020849 -5.160752867173235 2.793170516266492 -7.667172357334154 6.337680591741211 -1.9093060195873572 0.3069064939752254 -3.1379637859218503
104 1248 0.8880753018632449 0 0.0007135487394407392 12.067043288758152 -3.0925939822699307 23.23803703295365 -13.427044078420224 -3.1010052216972137 -49.19938774634829 -2.286092967085845 -0.9453075810861719 -5.854715845872411 1.718428577458194 -9.808838252115594 6.73056134374121 -2.629283113473363 -0.009280398734004464 -3.157044468000107
105 1260 0.8796765535961141 0 0.0007112696184776723 9.796484750295393 -1.7865438504006252 24.68960265477897 -12.233939784296133 -2.81076974558773 -49.39796038093233 -2.7563575997074707 -0.11969756351947314 -5.919165567491835 1.1910938340741688 -9.267684976884981 6.04030838015471 -2.11467120650411 0.04484746290651259 -4.01153250113881
106 1272 0.8744118359459067 0 0.0007132066530175507 10.462559249094294 -1.7843522480867833 24.163579113179463 -12.163381940804602 -3.5060024021783476 -50.12200312492912 -1.37831794952907 -0.6829658610056335 -6.242721010583014 1.2520765654090085 -9.518972351849154 5.068072168332754 -1.8514014828579732 -0.24268917371125368 -3.921853043453294
107 1284 0.870472105343736 0 0.0007125877891667187 9.747294219740233 -1.277589058275 23.876034581814565 -11.020411120397387 -2.457984060090622 -49.46407637758711 -1.0601905167318877 0.27685970196356857 -5.353508378599409 0.045190198925229574 -9.104542680588875 5.187798804741211 -1.7099900440517564 -0.37579295021383047 -2.9634287507580526
108 1296 0.8574133342548955 0 0.0007114607142284513 10.650464051884907 -1.6768193231373991 23.666356826574905 -11.247638999181937 -1.5232577260879152 -50.9954977180429 -0.7346115101343212 -0.9191205833266402 -7.06379522097277 1.6405683043240136 -9.868904309377378 6.3535142285673905 -0.9179965468046322 -1.469455146663004 -4.1558979390520445
109 1308 0.8224015295243455 0 0.0007052572327665985 10.539389908302942 -1.143522553291428 23.876570664320628 -11.592121942526564 -3.2887009448578217 -48.94141843255236 -0.7769263309731023 0.029892991310649014 -6.36214794333119 1.4299931655812101 -9.122726532185343 6.404010585053689 -0.9798044813666211 -0.2837555455545987 -4.105519306727171
110 1320 0.817582213405835 0 0.000705522601492703 9.689061682172422 0.47396734305214283 24.770312541961033 -10.350433197409039 -1.9504093000732396 -49.16578655359572 0.7275940128414515 0.3169601229054001 -5.652102986077946 1.0601655892034516 -8.70861389275936 4.706019333855331 0.31929301846645186 -1.3850579539209749 -3.3894081704104857
111 1332 0.8489649557947766 0 0.0007057625334709883 9.749707585111599 -0.1343536592313177 22.68624408637057 -8.921185358490515 -1.33517167574652 -50.393078594653396 1.0374725044636484 0.8709521671079745 -6.247969318993201 2.717440186703588 -7.9509110995351815 4.823747005069671 -0.18462115251531874 -0.5208415392688575 -2.453062443382256
112 1344 0.868225965213619 0 0.0006997244781814516 9.592774627552616 0.051417297237001336 24.437407384737487 -8.831788008993527 0.7788609195721994 -49.1028349610797 0.8575134150248735 0.8421027692089257 -5.6401291965384175 2.242592647367224 -9.341932591114519 5.0391374079486555 -0.32834878953776686 -1.3877712188080749 -3.760575552324108
113 1356 0.8866093976920124 0 0.000696471834089607 10.4198685995846 -1.3823562444337072 23.717551311881248 -9.554129243735057 0.336783544539791 -52.12232275228149 0.8414117848535075 0.290255337222308 -7.0792801384758475 2.033359286595039 -10.802860884130565 4.557052390706584 -0.41345034854492657 -0.5015600004594382 -3.671236272396974
114 1368 0.9336227185527948 0 0.0006890821387059987 11.422163312443553 -0.5059937717119992 25.828455373801226 -9.815569319997266 0.2849466197148166 -50.22568230486305 1.2160392052825686 1.1564173825089281 -6.83230451526103 2.7005574121955234 -12.362665874740012 2.4625655518639302 -0.7907550492588482 -0.5264357636604398 -5.682793259567088
115 1380 0.9770931812369114 0 0.0006767242448404431 12.798044039190877 -1.8283464548619592 25.29195641087082 -10.62352229031774 0.8978960767355595 -52.74925127682866 0.9354265685513249 -0.4651044470298191 -7.768785023463145 2.352575042975877 -11.816726138783137 2.159361278411355 -1.4924841084267886 -1.4653737910826077 -6.157861078899352
116 1392 1.0190673125836986 0 0.0006810716586187482 11.85491465802694 -2.0355981058934143 24.846306426081778 -7.846730374330933 0.8138187573265826 -51.911739861759756 2.1908124396935578 -0.05376112000775904 -7.019039094189231 3.553986302281133 -11.54043865410348 3.320157012581486 -0.1991248395259071 -0.5946977610409185 -4.419138926990356
117 1404 1.0320816771843186 0 0.0006756475777365267 12.281443699342361 -2.106916299285266 25.978069493917452 -11.79516566377043 1.9502728168392724 -52.32368823914336 0.09791122971941701 -0.17719212022123904 -7.216365680924632 2.489799441896793 -12.958152803666898 -0.018013864188547224 -1.6367877519949778 -1.3142838207485794 -6.341598969923154
118 1416 1.0313682531580612 0 0.0006865223404020071 11.102967579404831 -1.0496825496151585 25.115849753506758 -11.182011045568844 1.2865608722244106 -50.88695416523949 -0.01813651497817531 1.158688542222761 -7.8811707230670045 3.1153113677680127 -11.014752467655564 3.528985426008467 -0.7828691006265328 -0.3549930809538384 -6.739468173343294
119 1428 1.0006583223622934 0 0.0006801162380725145 12.041880701606608 -0.42429986922894813 23.713955583431463 -11.231684628746633 1.7566156957649866 -51.5231950696723 1.5066727478762327 1.72577563755532 -9.485920682120724 3.4156988604557457 -10.479459200000889 3.207121481635275 -0.033245724920136555 -0.06716036560250815 -6.518797409227835
120 1440 0.9955767010626831 0 0.0006787622696720064 12.26722432665369 0.5804018502924144 26.05585032957595 -13.390016043753189 -0.21663316772460461 -54.203132194517764 -1.2841726288870619 1.7852748904583589 -9.370575816786797 1.2216863406893632 -11.442610943309734 2.564308526887354 -2.151563288140293 -0.5436009286517699 -7.559166341585573
121 1452 0.9900184365013915 0 0.000672898895572871 14.627814820355095 -0.054764255813209484 24.619216094433895 -13.132079551465514 0.34189570517478973 -55.16471973846275 0.7229841938632312 0.38301826805316874 -10.905043982825655 2.4031443748467476 -10.339794018573565 2.836581514427777 -1.1778543684864287 -1.0150980368401323 -7.2957545427016575
122 1464 1.0352445162238837 0 0.0006634980090893805 17.307863777917547 0.15698092436428207 25.20005633980092 -14.607410303024732 -0.5886625517085287 -59.472440160912086 -0.4819857679223113 -0.6194697960406124 -11.824114609690193 2.458077397896022 -13.20929125394126 2.7029710196084262 -3.4510308995439245 -1.911661017561106 -7.600115431613764
123 1476 1.0344596649744302 0 0.0006663171225227416 13.580932214806923 0.4557343838101412 25.64495851692306 -11.087404422111275 2.857723774710833 -56.952226150652756 0.6953269295142683 0.5440331217203528 -11.303303711084439 3.5083171559092006 -12.12256421981254 0.9617022895200957 -1.2729113824926712 -1.9769335810810489 -8.451340432087122
124 1488 1.0364247715922958 0 0.0006681266240775585 17.38951542118713 0.4974201058152889 24.7769589419968 -18.198440100720426 0.3207182191046025 -54.54846746830119 -3.20179674312008 1.6909833759375714 -11.820357525546514 2.047073190022241 -12.965543830379678 2.5129384845063147 -4.671906482298855 -0.2761013655377076 -10.25403849622844
125 1500 1.0219125169778265 0 0.0006479956791736186 16.367053230013674 1.0367973163069775 26.517763769070502 -16.11223479414473 2.0740473416418945 -57.308541070443354 -1.8030859886858706 1.3130042316416723 -11.382618219874525 3.34304953950414 -13.614864585253823 1.0767160169602055 -3.207629722211456 -1.309058837825828 -9.323730381608112
126 1512 1.0195991322457165 0 0.0006561604095622897 18.694182691857296 1.7391991051506621 26.571233224655764 -18.10383987297308 -0.37434160623435664 -55.81721660226293 -2.8061624129083373 0.9612808223031816 -11.500185378064034 3.9233630757720883 -14.360869405734565 1.678784694866696 -4.3667494247791865 -1.5395616644084473 -10.19218954572403
127 1524 0.9793634911586321 0 0.0006472751265391707 17.745898529245835 -0.5455069978888648 24.807511275720664 -16.52232291042031 -0.9151529727300937 -57.17905373384367 -0.5716832647938098 -0.35595536671852873 -12.133867600230724 3.875649148226405 -12.704484725346799 1.910026077718292 -2.8830927169740317 -1.1129120838760922 -8.72517975982866
128 1536 0.9628905087716892 0 0.0006536050350405276 18.036450240832938 -0.15623939187613323 24.829591856051564 -17.61082838265429 -1.0327681537949258 -57.68414832035649 -1.4128842142384341 -0.43052982476439133 -12.638346508780444 4.0915144474826874 -12.617089722916175 2.509722591496637 -3.0320647258496636 -1.1954757759776222 -9.576515044732465
129 1548 0.9740361193170358 0 0.0006394311203621328 18.663883253945002 0.6860375833351777 25.604436556026062 -17.653328753984166 0.3893713503390211 -59.487656824889 -0.8174504818386362 0.17766009067907956 -11.931636735414603 3.7969016431002616 -14.27291918374202 0.8715892011196618 -3.1520468148083385 -2.000480217191214 -8.632045128583195
130 1560 1.0138472356744388 0 0.0006416623946279287 21.30941202976034 0.46521488181888687 25.226984830921577 -19.438742863679778 -3.300774853917895 -60.41510848377155 -2.3459086686000203 -0.4411984403917066 -12.380185589011637 3.5316055663889747 -15.849921162678983 0.7446861598759877 -5.286704226066581 -1.4415707674337337 -9.144239969668558
131 1572 1.0355240167799549 0 0.0006384284351952374 20.946858805410518 0.7192562072046342 24.762580494543805 -18.94889764272745 0.9817664288474599 -60.68304652575872 -1.583940297992162 0.45528178623411814 -13.620249141983422 4.102492074552523 -15.808125201390435 -0.773672896444727 -4.319264493899525 -1.842623106570229 -10.321060043896994
132 1584 1.0455818415596778 0 0.0006253686151467264 19.819458396401032 -0.4038147958193772 24.672244498626533 -17.92632873319748 0.9253682213278804 -61.67621457929876 -0.8887762271886173 -0.21919477803139503 -13.670181214690535 5.138940856709482 -15.827101614684487 0.10490584067086706 -3.311127767909489 -1.315158073562095 -9.639295415214129
133 1596 1.0599784959673972 0 0.0006236225599423051 21.81426416615642 -0.5732341571645324 24.80342445413363 -20.864925751139065 -0.5020643595110552 -63.69368695978651 -2.686602473193032 -1.0431297109202278 -14.269440564887747 5.1211356377838655 -16.283551965220987 -0.02599499888322121 -5.264856575577566 -1.427898219817358 -9.681931147631724
134 1608 1.1008290121614743 0 0.0006286868010647595 22.64861682550654 0.19069221762561386 24.051305769374263 -21.336604768504966 0.8435264105565345 -65.55793308702934 -2.1614692706559278 -0.5880114025097405 -14.511569294715313 4.254486557497755 -16.9205941649556 1.5739398317993618 -4.956407138913152 -1.6330977401032496 -8.551764531123355
135 1620 1.0725171833001381 0 0.0006165509694255888 23.346987807029617 0.36239218765171477 23.729999239156264 -22.135152807814574 -0.46460615500626234 -63.819118105308085 -3.1827649976525665 -0.9140470273837231 -14.645002009939567 3.2122480302760725 -16.86154266480774 1.522984290993032 -5.652668715524064 -2.402973833003843 -10.07022232181521
136 1632 1.0521143474678134 0 0.0006072951946407557 24.705739022083183 0.4988653541397974 23.69808875616167 -21.411403367329584 1.4941430430290863 -66.50272553047434 -0.9146300916411811 -0.9026564276533212 -15.679826252788784 5.148235241311935 -17.53999846122674 -0.1116035767930108 -4.64783094184208 -2.2644220947170695 -9.73245349551028
137 1644 1.015995997417814 0 0.0006082920008338988 24.24568326657214 1.3045492496684061 25.070096194571917 -22.858218771256382 1.2008436173385268 -63.83371640601868 -3.34014295054319 0.4490801195098942 -15.972423255381816 5.388542317778172 -16.853056468027063 0.07970068827866733 -5.829800693556275 -1.615922524902327 -12.07270622379139
138 1656 1.0027824623731711 0 0.0006063939654268324 23.78167005352721 0.60471920873061 25.287204510194403 -21.947187028459247 1.9704157155935478 -64.9465913140707 -2.884409442099936 0.020400112079657085 -15.050264042671875 3.6453644361105724 -17.01891393696034 0.8814962123457071 -5.824196486891781 -2.0440866706176504 -11.139592257523903
139 1668 1.0408478602810125 0 0.0005911053740419447 25.321396454616483 1.19581727657821 25.681382266169503 -24.168610528312456 2.9342986309159174 -67.12077392730838 -3.5752524223080937 0.9720118301955416 -16.309762631388747 5.15433734949275 -18.454613074345623 -0.19289480828907662 -6.3075645808542795 -1.4771029136643612 -11.886004455359231
140 1680 1.0903320652801352 0 0.00058126135263592 25.97180445874664 -1.0149835031101706 26.034162947224356 -23.567747024850238 4.756610280359702 -70.43741832066902 -1.3597839551232815 0.5718257754205975 -15.095244779907265 5.5769638372495445 -19.23460384435413 -1.3782318503265611 -5.551830018838277 -0.6958637326007858 -9.834300695426592
141 1692 1.1203539497610076 0 0.0005993555532768369 28.68154949037016 -1.201399351015856 25.73477293008538 -26.395169107983598 3.561589690485696 -68.8700071670623 -3.5150799018828858 -0.03218925846538756 -15.153095011902815 4.108100156463554 -18.25293056991527 -0.012330825314947114 -7.944598856252279 -0.9073652301899853 -10.784456999623623
142 1704 1.1382448485861305 0 0.0005737420287914574 29.025816199230253 -0.428475439355155 25.602341071610347 -24.683436402932937 2.9539129035916956 -70.39607160309227 -2.3448696266645963 0.990145474321928 -15.517225039565162 5.407473335892234 -21.267625942959935 -0.4806234488071164 -7.063413360654635 -0.3588735591548847 -10.18512827389417
143 1716 1.1634918125097742 0 0.0005778204649686813 29.754906885260798 -0.0369201014163979 25.44834170857989 -25.858571482686518 3.717967589546499 -71.11851447089077 -3.3288282722186517 0.6561106787685491 -16.83633277664329 3.5555369980804894 -21.75190323703481 0.1590164826855891 -7.829931423858413 -1.4010415935478648 -11.727297771155385
144 1728 1.1691836878698456 0 0.000579355051741004 29.890182448522918 -1.2129501924477513 24.89367744435143 -26.165177173036707 4.5107455262110685 -68.87078136679507 -3.2108283226980507 1.6831035370394114 -16.316760823785565 4.4489293208167595 -22.038998441186386 0.4937114513783137 -7.838363367565811 0.3351005327130734 -11.904600846333032
145 1740 1.1217542845092907 0 0.000591461721342057 30.012084296185563 -0.7364853211933527 26.26964035370734 -27.337666154970993 4.658973593159045 -69.97581195586271 -3.3844369402064425 0.61679514167021 -16.130244277165804 4.7067514503684365 -22.141758002080458 -0.5204634509480169 -6.979800032279856 -0.7009537805694207 -11.187827529746706
146 1752 1.1524814744100456 0 0.0005889081512577832 33.66173253961541 0.706973030482188 25.166957710574877 -29.877514256150448 4.536047429850712 -74.15344250848261 -4.404996618364052 1.022268853829146 -17.662951789908288 5.062130513379088 -21.316849699639768 -0.3332345275484725 -9.22015415035969 -1.2265155265146503 -10.871754712584377
147 1764 1.1444382586057142 0 0.0005739926127716899 31.300357275685258 0.8694823310758292 26.724917894091742 -27.96418756847058 5.54706193989045 -73.25742878109864 -3.795235346166333 2.21943167481847 -17.863516267190143 6.344254520102464 -21.661082724014918 -1.5663067599171652 -7.863076655970064 0.12610929480148547 -12.526487824664104
148 1776 1.1021542337570702 0 0.0005787431728094816 28.052775886067145 0.7623834942986657 27.126132213859364 -25.64795988545383 6.697310370794831 -70.21185789878768 -1.6277697181434063 2.877245965240707 -15.476529015771598 4.300934374240475 -18.401469759733768 -1.4045624226429276 -6.219707600234684 -0.6105324740729918 -11.002064267688272
149 1788 1.036927001464446 0 0.0005805935943499207 32.69508621860252 0.004451298901982259 24.88668025394464 -30.210860497300335 5.040366061072039 -72.8376645350603 -4.2433262882255125 2.6362975649193703 -18.172743513976723 4.869316863814514 -21.01373468157859 -5.466857061886543e-05 -8.837345516511277 0.5352489716582456 -12.761662036345564
150 1800 1.0111739815445244 0 0.0005630708183161914 31.311607732830254 -0.746344560630734 25.772801494683442 -26.643891188328467 7.0212773774604775 -72.42885864449738 -2.260357865699722 1.3879653350977224 -16.857303426703602 5.2822871487955325 -21.755628142820136 -1.4431632407651633 -7.875947756944119 -0.639422571761652 -11.49260809843703
151 1812 0.9838714260308348 0 0.0005724679795093834 34.31557711019917 -0.05485708529790778 26.212773475341283 -27.941189291143186 7.253637290419784 -74.63631254684145 -2.2994539575768336 2.3890493561347497 -17.382008647374686 6.91353897287526 -23.904347470118598 -2.4967432154524314 -8.477323148166326 -0.18469789664824565 -11.864418875624905
152 1824 0.9387002617059662 0 0.0005604198668152094 32.398202518293424 -0.04646576719690222 26.638589167912976 -27.255249158061314 7.864056905219393 -75.34539309941869 -2.183010294545522 1.6237467068827727 -17.523127599382327 6.340668969965299 -21.878108014296384 -2.933308749577975 -8.174556334897474 -1.2646745644922783 -12.098323853128512
153 1836 0.907802244046119 0 0.0005581078003160655 32.381506684992665 0.32190405218261814 26.25923715282865 -27.61906182571355 5.883256973103824 -74.7864298892889 -2.196360912951047 3.034823119984777 -16.86377897323965 5.76285548255552 -21.691554341496747 -2.234006815172538 -8.166175666629979 0.5906426092096525 -10.74411458734683
154 1848 0.9000934342132466 0 0.0005574190872721374 32.00218714716267 -0.2725200702086453 26.661932724982425 -26.716107126094897 6.906371854155341 -74.58742284159783 -0.7710042918537114 1.094821907342576 -17.20246284966535 8.38219734835291 -20.631363626066104 -3.3337278040056377 -7.164560169709111 -0.6736388545453503 -11.193634600070009
155 1860 0.919619390868956 0 0.0005635842098854482 33.35593534852391 -0.9648554250584147 27.127369800130744 -26.11037623225737 8.711668324351898 -75.36799863139946 0.5325138209509526 2.560737670507799 -16.43918091522591 7.129198950227564 -22.376788981926616 -2.999217398788576 -7.127807334465002 0.2278691513458847 -10.77662659460944
156 1872 0.87087471428802 0 0.0005601661978289485 32.683029245713996 0.5190209390256494 25.830703700499104 -27.144131386550928 5.863697255234064 -73.14942407359688 -1.5523739742271765 2.9562914321674683 -16.157696497647215 6.962856141296127 -21.134030539140646 -2.47683264964859 -8.321364154553311 0.3478973346032541 -10.243887748960578
157 1884 0.8203554501962422 0 0.0005621679592877626 32.189090355355496 -0.9131772603952054 26.60418876017369 -26.623589899063365 4.8145542381801825 -73.74646053529422 -2.3768316072645277 1.9459752309920377 -15.890222820187896 6.453629444829138 -22.066359499924463 -1.8973121823427368 -8.683063773997485 0.7371606883521225 -10.20765224038214
158 1896 0.7819568309156285 0 0.0005640317685902119 30.137682776940295 -0.6507782661681724 26.420847228544872 -24.834204624390562 5.265112822712758 -72.74284546686381 -0.9179376066010632 2.130362732948311 -14.480841534023325 6.151390277017443 -19.899970361439063 -2.245612640976653 -7.262724816645413 0.38839881854311875 -8.68750462646698
159 1908 0.757495549441136 0 0.0005614531692117453 30.724584103764748 -1.1552864362941997 26.344607271624955 -25.7496635437637 5.467205634167277 -71.30528385219714 -1.794874948205385 2.2953977087041046 -14.846343167884447 7.07985451451649 -21.194423489131182 -2.31079297435403 -7.65836711585183 0.9708416354688212 -9.704214348889678
160 1920 0.74534516396564 0 0.0005541571881622076 33.76281198915713 -0.02216127520365263 27.470036769073314 -27.490969104383595 6.491562987326728 -73.35416210310568 -1.6969439186663768 3.230450949318384 -15.715975559842686 7.104986662203244 -22.219203856314877 -2.453116004231241 -9.083933684149532 1.0098331997657457 -11.112112714424024
161 1932 0.7654737463525391 0 0.0005554603994823992 33.43147816826046 -1.044042889982429 27.365586672497848 -26.969385234250517 7.46811030221001 -74.11935024475218 -1.5889274620081546 3.1449417138938944 -15.234768668421323 6.248849817638528 -21.286608439936906 -2.8935140647856876 -9.567673376944434 1.0380821631399764 -10.485681213947359
162 1944 0.7575305109797774 0 0.0005503149004653096 34.50193538674365 -1.0634140383745219 27.250021721142893 -28.303388259733865 6.926535492875097 -74.31924317211897 -1.8710966247713132 2.885404630669664 -15.70695940355243 6.537952538476985 -21.813825536757093 -1.9372971197752795 -9.63393325970698 1.2231778351502363 -10.720669603577877
163 1956 0.8125787718106808 0 0.0005505508161149919 34.918632938157295 -1.5704146665557688 27.81762365184972 -28.813381222760412 7.280215670510103 -75.14622576900878 -2.102375902779311 3.143196080215552 -15.262324673234412 7.574232878592961 -21.501322539871552 -2.4986057190014583 -10.127792361149439 2.0924379611789137 -10.268442443507299
164 1968 0.8061481871899586 0 0.0005445578717626631 34.86244173686796 -1.6384199998587423 28.049910976408977 -28.73225673187778 6.507657202265133 -76.62602658711036 -2.2715890808577006 3.392378506059787 -14.67690577071163 7.02320094522834 -23.06286616945624 -2.68328156424201 -10.021554957946925 2.24384772969416 -9.386114421459922
165 1980 0.8164627085101359 0 0.0005469433381222188 36.86168835639287 -1.0974816868817474 27.70038195796517 -31.123515620069263 5.69153574942513 -77.32987631873117 -2.9070633028014212 3.0573532952030176 -16.795480122313755 7.120604586519551 -22.65216508463788 -2.6688974788435136 -10.432609412628672 2.135167278475945 -11.100002862064827
166 1992 0.8823932091883739 0 0.0005434899940155447 36.48781436361611 -0.8315697030858389 27.842049222636415 -30.08121822269075 6.316176108661488 -78.08060556821235 -2.453051069446087 3.947489899679388 -16.182806451774532 7.762896877291859 -21.884318410449996 -3.2460995681656253 -10.750403859473144 2.6726930776436726 -10.354156000335873
167 2004 0.9168764742999436 0 0.0005456560757011175 36.15286098459801 -2.0454836270187857 27.74342878291506 -31.391719974630675 7.047732699933789 -79.22906796169303 -3.8533753304860134 4.201439117195797 -16.07129964793752 7.246460557266633 -23.462501973067273 -3.75357507658536 -10.952477719591108 3.4743146116636234 -10.225921831511952
168 2016 0.9683532112885678 0 0.0005414194893091917 38.47815698639159 -2.874810198072766 28.484709612226002 -33.24356358404165 9.675874543268169 -79.05105656789243 -3.427386347182817 5.586509377221499 -16.01648835549536 8.33277264583371 -24.012609789921388 -3.218750014595836 -11.75139253742912 4.910442780647921 -11.058398139119152
169 2028 0.9654566454732398 0 0.0005518482648767531 34.30823113332881 -3.311837928132441 26.014589386047856 -28.42716107186547 6.833501543369551 -76.17645339170933 -2.211269400793361 3.251651830849129 -15.44128536143494 6.805797590740655 -21.425320171449222 -3.28128378284347 -9.861011258889642 3.111824823342198 -9.424184987026035
170 2040 0.9382572538007459 0 0.0005407577846199274 36.35375552732325 -4.054219105380689 25.649978212309843 -30.715355169346896 6.680475669081975 -78.16936813316673 -2.6012283076076823 4.099423580011064 -15.803064944838496 8.197450057382543 -22.44021376716804 -3.975460926052805 -10.401369174744579 4.847184203968496 -8.339262730118962
171 2052 0.9032838747344011 0 0.0005396570195443928 36.38151710019737 -3.479529334304991 26.906594254082897 -29.920001488051835 7.158692019206528 -77.1024902879904 -1.7684066853610627 3.5226002667485137 -14.825810555088978 8.032039586887926 -23.00453917488342 -3.759885728587728 -10.39729105095919 3.5649658988842217 -8.697593058677006
172 2064 0.8859739081414799 0 0.0005375681212171912 38.57485537209599 -4.147888623773726 27.002533878996143 -30.657328114979666 8.467589667357243 -79.68306142691087 -1.5348356218821522 3.659841870664581 -15.803305001522672 8.613015963040384 -24.15205115049032 -3.92055367275158 -10.730344789856089 4.071289040040088 -8.936436718910954
173 2076 0.917181012651405 0 0.0005327585386112332 37.185244893242206 -4.813224902075963 27.809573138633954 -31.25483359400722 8.745653272061123 -79.26305379922931 -2.5005012471350057 4.242302409165763 -14.243410235338843 9.049345352450091 -23.140508741645444 -4.525045061959453 -11.214349689202852 4.944750968931734 -8.33577003362765
174 2088 0.9240110368723279 0 0.0005341902142390609 39.01899440870565 -5.248237743179584 27.534027265666825 -31.29888828333024 10.182287893769969 -79.59653291757081 -1.9903034172452048 4.271522114181104 -14.495195153983904 10.44658873911099 -24.42010161268982 -5.336759302300827 -11.599155038382797 5.181582911268918 -8.092347870695454
175 2100 0.9344288340303685 0 0.0005268953391350806 41.090163400949606 -4.818408652939226 27.56492908014584 -32.781422862816704 9.14985067288224 -83.69443689008344 -2.844740994397915 5.016421283917272 -15.372793534641918 10.0156626173814 -23.621545378685955 -5.797437231376179 -13.17903288007209 6.066551599858515 -7.767954417807749
176 2112 0.9211014030133461 0 0.0005327636608853936 38.62574266993514 -5.719707135066453 26.392193336013538 -30.744995306791516 9.89871565134375 -82.23783246690476 -1.206828503284554 4.475798370236475 -14.611253139161809 10.525614119720442 -23.12192847768671 -5.781395628451592 -11.003029725277958 5.722317768597946 -6.375981869458514
177 2124 0.8984853918069299 0 0.0005261931219138205 39.007542622183664 -5.8150185458758115 27.295661275841233 -30.765768502748628 9.225620476479781 -82.61927879620744 -1.0093472362371023 3.354666840709987 -14.966474866562939 9.178201168569508 -23.569076034756144 -5.624279551808651 -11.082224906811124 4.605309017657896 -7.36198188422475
178 2136 0.897249612731135 0 0.0005251856055110693 39.989640076094375 -5.691570567030584 26.623253960148606 -32.42190053665827 9.907008595036721 -83.38607609596603 -1.925956365524514 5.53254726571785 -15.674911815854198 10.526100524251659 -23.43833589180934 -6.248069457564991 -11.949023338982116 7.009527732559121 -7.519601630074531
179 2148 0.901147636450051 0 0.0005244092317298055 39.54964465361263 -5.670929634768257 26.63353794098441 -31.78234301923267 10.0058748180485 -85.98427838499109 -1.2830722815201934 5.646698481805413 -16.488632303291485 10.497589825798274 -22.963912932442128 -6.287149150596923 -11.213400087079956 7.039516220011969 -7.397206774203658
180 2160 0.8873423105359973 0 0.0005281760240904987 40.76102222453532 -4.55174900782945 26.984784268792477 -32.76891548611238 10.70704174927446 -86.59869590611862 -1.4130252404564916 5.638046719000709 -17.51635649386217 11.534562369129093 -22.732605695999393 -6.794401609587893 -11.486500821560726 6.31589084521786 -8.470875098697393
181 2172 0.8924510893594415 0 0.0005233754054643214 40.70163537516078 -3.9477118995181573 27.945770608216428 -32.80304935360818 11.737051550574423 -86.6173960788096 -2.24302958696775 5.790599210809246 -18.453133899031013 11.447491465548286 -22.651723110523893 -6.987238421805106 -11.730707501528313 5.94363720086318 -9.787046303475483
182 2184 0.8908386607300344 0 0.0005226199864409864 40.81028872023606 -5.744100084072008 27.460950619677988 -32.63648736955312 11.0792370599835 -86.40940299212627 -2.242463263331522 4.28501981180423 -17.3896713370932 12.229065815906466 -24.23399738035494 -6.822066664568736 -11.823527884061289 5.986975332931931 -8.812773047172517
183 2196 0.8881228084307069 0 0.0005233103292994201 41.43912448886134 -6.1639394144694535 27.110024265105288 -32.645858334912354 11.696370895494654 -87.47196529536788 -2.64533145708413 5.64951630178907 -16.52427545281768 12.383158730731816 -23.508767847296227 -7.140951116109487 -12.784473839857775 7.390845626364859 -7.26422299270413
184 2208 0.8812521409045663 0 0.0005215997225604951 42.32348735322194 -6.708788356515395 28.243844433216328 -34.07995414661819 11.869192373213568 -89.81239157918057 -2.8588268415865383 5.429853934216617 -17.032423355518365 11.79089552553312 -25.1872424011128 -7.500069195267179 -13.200835546881606 7.500146313875136 -8.467578957807119
185 2220 0.8859961327487096 0 0.000519150635227561 40.823986234815024 -7.43957566263256 28.45282551944884 -34.24067136231442 12.612482895779888 -86.68635357066043 -3.5039838574534525 6.097719773811832 -16.320547682992643 11.28278514424483 -24.917000748929098 -7.202430625668376 -12.904445211026141 8.29148284290187 -8.93804999619459
186 2232 0.881276604930605 0 0.0005200463929213583 42.59445795513228 -7.148261058694444 28.922189960005483 -35.150528467398665 12.371082022229583 -90.20332611822647 -3.7764156064508976 6.0561657369776345 -17.15756826772292 12.425564744608625 -25.116864570366626 -7.331206718851923 -13.746714743569134 8.547182166414805 -9.062354463762716
187 2244 0.8813461694015438 0 0.0005111800855956972 41.744728543423264 -7.704259017864456 29.372342113471518 -35.24869678971865 13.085700209240118 -89.74779029952651 -3.823349389449641 5.710332491339377 -17.379053059695334 11.904004029230022 -24.776496879809375 -8.033067148894089 -12.929806715611848 8.292110297937022 -9.575491591074584
188 2256 0.8573874161230858 0 0.0005099938716739416 40.868798339008286 -6.590173385594693 29.94264211078418 -33.886854716115074 14.745377750687307 -90.52243946326605 -2.8635248216080353 6.495407482411564 -16.601441193336424 12.134342880713799 -23.76167447708067 -8.250623400724342 -12.598945477779527 7.6605596162730425 -8.755931872828608
189 2268 0.894258377678159 0 0.0005100455018691719 41.24052505286729 -6.68297355979938 30.466411883552727 -35.033330834265286 14.621537803901997 -90.67830444760666 -3.8446812977385996 6.941720406146178 -17.26920634728673 13.078047044519586 -23.616334145011336 -9.033947395858592 -12.906849269283148 8.675242738912939 -9.440055782032879
190 2280 0.9729530380257233 0 0.0005141563597135246 40.385523079789216 -9.53496870665622 30.40098310981241 -36.17042791890118 17.148255847158758 -91.6939172022977 -4.179345013522806 5.86143364014429 -16.954172967399725 13.233802058090076 -24.033212876477887 -10.013087102043063 -12.39861783526037 8.631513369291481 -9.276578625815844
191 2292 1.054041613100762 0 0.0005076800007373095 41.22794915347037 -9.000839336993796 30.40114911112144 -35.76226538787342 16.119578585476667 -94.38827213232422 -3.883650529272614 6.10305730033047 -16.740900749627542 12.613521167020705 -24.05813874131696 -9.900763340965902 -12.764841420965585 8.703863525373066 -8.472514722849379
192 2304 1.0875278000954498 0 0.0005033588386140764 43.04429073724011 -10.92337466431125 30.16292509027687 -36.78586391632802 17.7898230919903 -96.3115948116746 -4.264414932792626 6.970378289219654 -15.92173228992953 14.113585184000906 -24.658564265612657 -9.832493452177081 -14.181613714697477 10.681972684675117 -6.75992676528666
193 2316 1.1623549326632479 0 0.0005047316662967205 43.804121058747 -9.930012588284585 31.034790315116812 -36.86334061976516 16.574951157027442 -95.22970823660609 -4.342940640896121 8.598108303912026 -15.28352638090737 13.918596778560365 -25.33694019818003 -11.051968297426738 -14.749152849702458 11.658613123708163 -6.832214321461115
194 2328 1.1544301837134132 0 0.0005091780913062394 40.494696883014186 -9.458669785704219 31.467497861282848 -34.96340684874126 17.870134625145962 -93.90270270823791 -3.5896155516537354 8.033111148765885 -14.918838937992897 13.542783117453181 -22.38218667448877 -9.950410111237854 -13.182023722216217 10.4683907276714 -6.999126877731428
195 2340 1.1309400193354797 0 0.0005063801072537899 42.00527634888586 -8.777902080190579 31.0528093881294 -36.379292660321475 15.747174464361848 -94.95009557075021 -3.7621945595022006 7.458450472968767 -16.847379877369704 14.04690607716216 -25.28352442280343 -9.85990067819292 -12.514711045406347 10.329442675974633 -7.726161988525971
196 2352 1.115165623767272 0 0.0005014131893403828 43.00771112155922 -9.081258184503671 31.321832170425587 -36.51949074777488 17.508774377667585 -97.27458155004172 -4.575784345927915 7.873806800064464 -15.925738873412755 13.761533264690796 -23.979465809502077 -10.96704059534191 -14.543316995869004 10.380223669524169 -6.942058690258353
197 2364 1.143592710356503 0 0.0004936261102557182 43.9751177128787 -10.040031901762472 32.892883650165636 -36.697481005053824 18.43098241374613 -100.80167512417299 -4.9414647776435014 9.285494767535564 -15.403811434256784 15.400160909938718 -24.53450759675361 -10.946170181698255 -15.300662134952354 12.420557437734699 -5.806564313680134
198 2376 1.2058444323093036 0 0.0004992415197193623 45.18397904847468 -12.897643800212041 31.816061320123694 -38.36159018910554 19.330176755798842 -104.02801299704763 -5.306353296787712 7.8745885552658095 -16.204896653720887 17.04129219357074 -25.855961826702146 -12.259947562407843 -14.954762897195328 13.325540352198647 -4.786909961202404
199 2388 1.2885182622730649 0 0.0004907029215246439 45.360683295432864 -13.385028684307104 33.30861706290148 -40.22215507618868 21.952931236246094 -108.28316220816735 -6.3022708399125245 9.1413791804554 -17.802347868981553 17.830733785490704 -24.266143011574542 -13.360596312416787 -15.332706890988687 14.697823123026287 -6.553840028137806
200 2400 1.312551135680224 0 0.0005078772665001452 40.47307324839488 -10.547807279872858 30.416299489248836 -34.0232445754498 14.895985891596082 -101.49604738210748 -5.153502338864536 6.636054190038747 -17.551566810008495 16.28461699905401 -21.59521632515221 -10.830954664277957 -13.603634840830308 11.870003679997557 -5.461641111038075
201 2412 1.3528988564008018 0 0.0005068716709502041 44.21846219561974 -11.777834689090795 33.81056495704321 -37.40499551057755 17.929882797056504 -106.27982920814992 -6.9826892336981405 9.188039460812657 -16.5413960125622 18.638970140882925 -23.41946769278311 -12.362455405603367 -16.499254181617157 15.000631498472291 -5.898959902852879
202 2424 1.2649998133795848 0 0.0004994781920686364 46.410337152954256 -10.573198550276835 31.3840831715717 -36.56205995519836 17.545208572956458 -103.59940045946284 -4.0874366780454965 7.2354259155041625 -17.816970878941884 16.68313482618753 -25.02624908951901 -11.991124259216067 -15.331352871394374 11.49294828586654 -6.5575127895896275
203 2436 1.198148538666722 0 0.0005013795453123748 45.42409089823872 -13.362352067405366 31.58826185950492 -37.03970693637561 18.533519261519633 -105.79486018916131 -4.87545400603465 8.069446594483763 -16.587751274052753 17.649797601844085 -24.190037758641832 -11.577648688012026 -15.596512367770357 14.301694992867382 -4.057325923599258
204 2448 1.1421338772122664 0 0.0004964657709933817 46.020868751664466 -12.425397228914136 32.24985418286877 -38.23684654974902 18.977660440018347 -107.10235464734134 -5.387244668147053 8.672501576500895 -16.73257932933889 17.25672803413004 -25.54060122869206 -12.544973165567725 -15.690978941071425 14.11693948834752 -4.67532034625538
205 2460 1.1496803117571666 0 0.0005020514945499599 48.16332378224187 -13.247594468696839 33.46989885356232 -38.29615397669254 21.10469070033073 -109.61188088426297 -4.593251815160613 8.527314931895335 -18.587762396429518 19.22613451070238 -25.73337353599636 -14.401104973087232 -15.807004279358873 14.34956713707682 -6.562039649042823
206 2472 1.136762117840164 0 0.0004976113559678197 43.529550380817575 -10.95338974765438 31.578882027951497 -34.811126057654874 17.320297321151653 -100.08833999852803 -4.382965958587035 9.202346252940787 -15.207298169173395 16.623562450763803 -23.917522549353592 -11.637289802109985 -15.152325385841293 13.249668692814895 -4.460943836834616
207 2484 1.0697372715397846 0 0.0004958236822858453 42.742325343775946 -13.402401394379748 31.066850932091636 -35.57502712074104 19.157021009669176 -104.10249491832838 -5.33375904794727 8.121952410178382 -16.566814643213654 16.146725734309292 -26.157354788046305 -12.441396065107691 -14.236125606176934 13.814998505708619 -4.878314147343095
208 2496 1.0324208322389585 0 0.0004926493274979293 42.32549243484169 -14.695226578279936 31.83615975978232 -35.18691183099602 19.319903792343688 -103.48773493683555 -4.135307988055198 8.380710825533889 -15.641622535109216 17.701117818469193 -25.321321937451966 -13.87423765794863 -13.637222239609711 14.84996014542134 -4.427985467942909
209 2508 0.9831150376670178 0 0.0004921408253721893 44.021776389943014 -13.975458018929185 31.251572017645532 -36.43542066884408 18.74166640554856 -104.08811256197473 -4.685066134817299 8.451343413314975 -16.107438635074352 16.807779881240034 -24.278597906999593 -13.296202617536958 -14.833092337744674 14.453285370825242 -4.472991478896428
210 2520 0.9447759830814996 0 0.0004914827877655625 44.56288579230386 -14.305402436433832 30.112908354935524 -36.60368141147572 19.56420643241062 -103.04645908536921 -4.248864805240965 7.849386905580331 -16.89148465993225 17.514165475080862 -25.56365318229743 -13.224748074529783 -14.128031316577824 14.050343705389881 -4.52250194388701
211 2532 0.9568757951751059 0 0.0004940711078234017 43.01856787740898 -14.917899906904632 29.97959346876122 -35.697354142022 20.137262571462365 -102.2371190578461 -4.897370921178349 7.235256615992269 -15.913559174458626 17.261063385937053 -25.345425256889982 -14.032273697862163 -14.314616089650041 13.52295198367877 -4.430818968941907
212 2544 0.9774947947326627 0 0.0004894650191999972 44.28443010312795 -18.252603979401297 30.90195116594623 -37.17522695422364 22.24497512088094 -107.38528508860524 -5.039464014302081 8.203714238921705 -14.78080016177578 18.322532232199702 -25.82493370808909 -14.766501350568035 -15.31188618309082 16.430867697421156 -2.5027593130905115
213 2556 1.0120160108292169 0 0.0004903329536318779 43.73859311473637 -15.919645659747628 29.840869944013104 -36.92151593720862 19.36335211745549 -105.1478231007402 -5.6641507400234525 7.247704095967258 -15.442552385366845 17.28501169960339 -26.50249456239819 -13.260873852037868 -15.356769814177788 14.709332077940255 -3.4863289980445202
214 2568 1.082920002545354 0 0.0004883951041847467 42.74316539400202 -20.963212856592964 28.85271727667865 -35.77936086150783 22.306951188798855 -108.53361972677574 -4.607493467509819 6.85039415027445 -13.915730177858238 19.26052435038671 -26.29736632606206 -15.076111188795593 -14.667601203194767 16.87989895248985 0.026739637170792196
215 2580 1.1234259523311951 0 0.0004886039532721043 44.179106206887525 -18.105443171451004 29.661445606137775 -36.66692904175978 19.721192937915724 -106.92082962298241 -4.587222829111084 7.767763494531369 -14.040963317121745 18.59268907833484 -25.28500950787722 -15.044903804277652 -15.277568516545893 16.33698075190066 -0.7304309340869011
216 2592 1.1690764259539974 0 0.0004933058517053723 41.18208716123245 -18.893776363193098 30.42415984309207 -37.03944573100241 20.519020907271237 -106.82168757590006 -6.444856188434399 7.087329100957938 -14.029420066568349 17.682736272216054 -24.923421406303024 -14.77472180405214 -14.54595325676986 16.20609339784425 -1.4564648504262536
217 2604 1.1197876459840306 0 0.0004904314409941435 40.035786146267625 -16.546177429508543 30.08611593314834 -34.82182075418663 18.866654337955595 -104.29301523365442 -4.819102581578214 8.444077253211365 -14.696054012140607 17.443784305754885 -22.572906992500652 -13.574892932438335 -13.491616190330046 16.33696260950726 -1.7737012656717095
218 2616 1.058131949908549 0 0.000493063940666616 45.18305019563218 -20.02263437289828 29.93499125771019 -38.73855186002591 21.45866762154155 -112.89530589066071 -6.2837737099129525 7.7962994532696115 -15.81441532784864 20.63942808824361 -25.76763033762005 -15.315756341924512 -15.823869984318982 18.169549693301953 -0.8534603881364228
219 2628 1.0174048558456974 0 0.0004827551601920277 43.82191159746224 -19.427369813165182 29.910432065862416 -38.75089515989673 21.335209456629002 -111.77614948426877 -5.7615735694102055 8.952396373918104 -15.520434184880278 18.87784748598363 -24.522954898652237 -15.004679003421025 -14.80071243329554 18.554703546115714 -0.5648014253531867
220 2640 0.9958100922426356 0 0.0004865529481321573 43.46583606675159 -20.93790509931679 31.277178499166084 -37.46381231452915 22.67499789932174 -113.16716291229078 -5.681894640174451 9.144488951365974 -13.886817939117822 20.17301474650098 -24.605651832956806 -16.78165115353667 -15.522035313695516 19.35139075394 0.40987713752241695
221 2652 1.0268222217704366 0 0.0004851158009842038 45.90622993362097 -22.194629623450066 28.27881570682071 -38.24328566383903 21.030760196357146 -116.20734552696123 -4.544980307951851 6.9424513675964405 -14.854680536830285 20.147404206573032 -26.295781886796146 -16.664543939942345 -15.347031980562994 18.4142439759258 2.345762811127395
222 2664 1.0006103852943236 0 0.00048166027409024537 42.2620667390774 -23.217317328285546 30.32145776816896 -37.597758566250214 21.814856040743486 -111.74636559498795 -6.05987740628645 8.077935170720862 -12.87683699459657 20.339266693452025 -24.839513791194232 -15.43495695880391 -15.371282644669465 19.98539998181784 1.6136176341222703
223 2676 0.9955072466681667 0 0.0004800606402568519 43.375221839562656 -25.375940196088056 29.369424954962344 -37.2527425458634 22.185931945501572 -116.93293995700226 -5.252215295781458 6.420214835325574 -13.552311114348123 21.676331553942596 -25.63827835812558 -17.40640521899171 -15.10754811953939 19.97579535946567 3.1182564758151754
224 2688 1.0316965840643924 0 0.0004819445894099772 43.96991174824253 -22.6284687203426 30.888829518335328 -38.32954307802811 22.85157803560238 -116.78996776143524 -6.331664596060792 8.079404777732174 -13.496400030360054 20.18686497767081 -24.607469384450027 -15.751680513810433 -16.35170967026176 19.544875250149964 1.8970688349465472
225 2700 1.0590952013428137 0 0.00048089781193993986 45.34317162973557 -22.49334896944559 31.02285742783474 -38.15426667469343 22.26176413085144 -118.94480308967869 -5.7103523793969515 7.601397151334116 -14.466655605265547 19.867481120716704 -25.55903237043027 -15.962532404506899 -16.368055250289604 19.101872729693227 1.465107516530197
226 2712 1.0359529968812664 0 0.00048321831854991615 44.65019003456227 -24.204392499901797 31.085807692414967 -38.476694023624326 24.24526501864122 -118.63678220197389 -6.5062889652688405 8.571337648994346 -13.476660669696388 20.815886277018027 -25.645382905868455 -16.732343854568438 -16.54375706950052 20.62784406367152 2.2721929201751023
227 2724 1.0187936866349887 0 0.0004814587300643325 44.80439828301544 -26.06271880783671 30.122921697451392 -38.551687822704416 23.498942207112893 -120.56934711044717 -6.498768232030093 7.5582028558868535 -13.150299961945958 21.406663783679562 -25.813546255216426 -16.61294744421405 -16.659738432522225 21.170038864030587 4.152652269955057
228 2736 0.9338597456360903 0 0.00048489609616808593 46.536011999468975 -22.564352770997303 30.24529518678827 -38.222278715470836 22.379210090288616 -117.683404643217 -4.887020424032635 7.514611833163459 -14.680508215626997 21.283452192748324 -25.946619985963114 -16.83629754650165 -15.995300402855854 19.117665886149513 1.9612608143838666
229 2748 0.8685551513491329 0 0.0004817732551600784 45.11024822495611 -21.665786844687723 30.436410279056673 -38.418753520744716 23.439355423192733 -116.61017636865475 -5.7068944004161395 8.06722521855064 -14.967830687117594 21.338667795002173 -25.13040670750422 -16.610027162814355 -15.712071373561 18.91839009328162 1.1812564249497155
230 2760 0.8284590373412676 0 0.00048144179163500667 44.847529619962025 -24.94867075450511 30.178666117774284 -38.62581333665659 23.148783794636305 -120.27253296342049 -6.050300848892926 7.686248784308931 -14.504742889740285 21.177078726623368 -24.596157020641495 -16.93671010140225 -15.867311535925497 20.75824131353232 3.106736365317418
231 2772 0.7445235804726126 0 0.00048159874859265983 44.793087829412855 -22.866182305921225 30.05857309097166 -37.97412563256848 22.630632969758295 -114.99687347606304 -5.195008056708252 7.725490055348241 -14.208211665811998 20.14649217746645 -24.723774782720348 -16.226675439566048 -15.62635055001705 19.284745988614276 1.752700839213897
232 2784 0.6921138055803316 0 0.0004801312752533704 46.18850770490835 -25.24963384763076 31.3152702373188 -39.37220921202494 24.325090558371752 -121.98956292326669 -5.772473179794899 8.200910532209862 -13.657752198829183 21.103335773671756 -25.61153635860806 -17.24895909477167 -16.76169057141012 21.01939581434994 3.0982054734095517
233 2796 0.6606860247577302 0 0.00047863865620456636 45.89277533697793 -26.097809362631384 29.79714948994404 -38.345899703496485 22.8046345664113 -122.73336842123432 -5.238192171559004 6.690821465807778 -14.596798604599208 21.94767401975924 -25.219137923054703 -17.464951670903304 -16.026950105186977 20.82338047804121 3.835053322080321
234 2808 0.6297596637649768 0 0.0004790925595443696 45.323067054638116 -25.913535068670544 30.58276309887116 -37.7429779490699 24.706538940440293 -120.80671990350338 -5.034594917832893 7.79710106292097 -14.081574062698435 21.760278576813054 -24.905692435805037 -17.5204644045815 -15.957427978140844 21.001306384336285 3.2913649369383187
235 2820 0.6265755998049327 0 0.00047968534636311233 46.32002342122969 -27.12975587001027 30.67678406784694 -39.28151080080902 24.702923002031294 -122.77619985705375 -5.356137716935454 7.080842766641674 -13.773669556116007 22.310573103256562 -25.288213589709535 -17.885881645293892 -16.579295195430266 21.20222824096746 3.7321059401370684
236 2832 0.6634722677563306 0 0.0004785343480762094 43.789581151786415 -27.99266123740709 29.270106387927974 -38.13075910891206 24.173446878246647 -120.51938972924539 -5.800703139996713 7.033687942963399 -12.452123067521415 22.087617381602268 -23.98120035945662 -17.54398768542627 -16.152170158982784 21.735748152826943 5.744116970934853
237 2844 0.6952054218756402 0 0.0004776949936058372 45.11817718538565 -29.981450243582955 29.48063441358203 -38.510989923963926 25.36220742407083 -126.47656781942727 -6.03225449089475 6.527088586406071 -13.26356615059638 23.158916841572417 -24.4416474389259 -18.42898369719279 -16.859721470703995 22.751086140381826 6.284445858018502
238 2856 0.6738454099409601 0 0.0004786247736774385 44.46581482167447 -27.400452388386658 30.397944416319216 -38.121143454583745 24.225844641049996 -122.63599365290966 -5.764199674746298 6.560879134581384 -13.2615429736351 22.76227182616237 -25.158650138348687 -17.619552957218716 -16.133114786814556 21.13661820985276 4.511798332386328
239 2868 0.6924210976436865 0 0.0004782449104823172 45.21476377583618 -30.616303330907293 29.535667411742892 -38.63180465358046 26.290171253985825 -127.36156995406787 -6.369853167970702 6.58358990972319 -12.678413448419018 23.89862227031438 -25.158258868346167 -18.77645320722434 -17.323385910972334 23.035891396867072 6.744932299217415
240 2880 0.724587518298958 0 0.0004786023055203259 45.512274923589565 -31.868639715257547 28.06051309738007 -39.38995369205936 26.411300799584136 -127.4389946794783 -6.312365531203015 6.737055516781714 -12.975145082178193 23.659789368732486 -24.38478250305461 -18.44643732038547 -17.16116816553738 24.04054932002329 7.739490956872862
241 2892 0.7132782266063614 0 0.00047885492676869035 43.48745537967671 -31.21520944321972 30.374355576957555 -39.155701594082686 27.129383789889896 -123.91604995781975 -6.892155010253719 7.702654428458277 -11.403794501173135 23.15606600596771 -24.20886803829666 -18.555494002517072 -16.998221949070004 23.99914324894574 6.392431687907906
242 2904 0.6853493559922911 0 0.00047992722829803824 44.10655174664758 -29.906561860509058 28.606232829612022 -38.91435023007464 24.176444674514062 -125.50984316096167 -6.451054017331425 6.347735189547528 -13.11522470963078 22.919902428649905 -23.82825955503288 -17.391714637926746 -16.522031834332786 22.890421000240146 6.918404717532619
243 2916 0.6312546790131007 0 0.00047717400593683124 43.76225156237591 -30.496768066153297 29.021761978099885 -39.25045499305875 25.00192819877721 -123.59456982531843 -6.409845243220381 6.935444582268756 -12.287295647631716 23.085527383492643 -24.1166513607945 -18.50165803754364 -16.29913368453485 23.360130653581287 6.640647933046097
244 2928 0.6155219615216284 0 0.00047815038124099374 43.48969786882404 -30.75574288274493 28.953827277948996 -39.09480588972016 24.890003809146048 -124.02600348429857 -6.898035438929589 7.117534546648652 -11.752879829506762 22.692713172430807 -23.689602370685208 -17.95626473801096 -16.94736965753869 23.659956061729236 7.25920125064124
245 2940 0.6059998481316535 0 0.0004786426143255085 44.32402054801635 -29.99812502255702 28.28229329331816 -39.41450076706553 24.52586580005 -124.60442199255098 -6.858475499721106 7.24645223878659 -12.694965346805496 22.59160518538403 -24.815541433822077 -17.977041500443335 -16.742797221954028 23.51827160729108 6.9022671542838285
246 2952 0.6228415031217821 0 0.00047719263238832355 43.321482974208166 -32.61863333599673 27.27884841843475 -38.44825785944441 25.558051150537555 -125.00290482826885 -6.759449040848612 6.99879569744847 -11.461075018548915 23.6387552464724 -23.459789634512383 -18.757849019094923 -17.051104519342154 24.756718571559485 8.984412388346296
247 2964 0.6192981504441414 0 0.000478094385471195 43.60523401516276 -31.574933848760498 28.386437774222596 -37.66394480468326 26.470025447304177 -124.3968242019447 -5.984361844803021 6.967264471143317 -11.983279366869564 24.026510330896333 -23.484711794696622 -19.01531276016211 -16.67487069407336 23.744577375705294 7.740860448541479
248 2976 0.6155549130899077 0 0.00047745933989062905 43.97999916616631 -32.70374818586732 28.35380366158523 -38.925486395144766 26.106300870771342 -124.53665405668463 -6.346516540486254 6.983156724009214 -11.450091339769381 23.74187011726135 -24.90465388673203 -19.257028143998443 -16.835308893347207 24.532852667182684 7.916103242170082
249 2988 0.6062209460475043 0 0.0004777021531481296 44.61300534877229 -32.394442484308136 28.001799201541104 -38.98819173934442 26.608124033490963 -124.78185077799782 -6.337381266487339 7.176212346133892 -11.417066253584306 24.00164536248225 -24.221803211308256 -19.31871628770697 -17.369373960222497 24.441919012034965 8.376845164387268
250 3000 0.5853594983193419 0 0.0004771181265823543 44.9571123886756 -31.80964348349151 28.948835089244 -39.587174283821476 25.68002670521418 -124.80711739982792 -6.672916100027796 7.619790486866641 -11.248904736427853 23.414156956768142 -24.85770381856074 -18.82873409738954 -17.513633648026907 24.56996026494487 7.990085348902834
251 3012 0.5754098226405573 0 0.00047741911839693785 44.970616374021105 -33.23943312025053 28.00254551959309 -39.92213111477625 26.90911550340194 -128.18792719272676 -6.540028262747474 7.195613607058568 -12.080822422666998 23.891504174813438 -24.428339040914075 -19.33139573320251 -17.079940677779064 25.12292443630084 8.946158293774886
252 3024 0.5849442750753036 0 0.00047768556396476924 45.437671982944806 -31.998246319081485 27.93416037308342 -39.334060484567914 26.072204103510426 -124.771983033264 -6.228645753853365 6.932057895116706 -12.065756616272836 23.848513492518993 -24.935188229211107 -19.2397137084098 -17.206686478552598 24.037691398047336 8.024834209915525
253 3036 0.626402326193603 0 0.0004773308173753321 44.894586102091736 -31.840631760013075 27.420598352256786 -37.94270982833418 25.620065353671215 -125.8502498680436 -5.262495247997548 6.818612602185201 -11.700705780691704 23.75099780168172 -23.472324945008214 -18.91203855002771 -16.849816386033197 23.69322021718308 9.639519005373364
254 3048 0.6315783012078305 0 0.0004777333524543792 44.98743539465789 -30.65310788371045 27.77031488199061 -39.159992345131634 24.7621461639755 -123.52610343397673 -5.864384231823789 7.331063850471486 -11.891576982528598 23.145008326361552 -23.438406844096004 -18.137280033878774 -16.99256769223365 23.69703489210093 8.427404326030468
255 3060 0.6215911006887112 0 0.0004777640860993415 44.80875603569014 -31.67091856581456 28.051322410756722 -38.82723720460937 26.092263121958702 -124.31085962054834 -6.311030165365227 7.368239092625142 -11.292679317416523 23.034496245105917 -24.131287799256455 -18.711907096553293 -17.42027667619624 23.976241369277037 8.686816252037271
256 3072 0.5913605407704968 0 0.0004769477527588606 45.303052913541876 -31.734664850230935 27.7732796385263 -39.0124274988961 26.300209757992818 -124.21036127245499 -6.05538532428896 7.764038368446499 -11.393740809471604 23.877350014832007 -23.719606104690275 -19.498373575770525 -17.37896035731347 24.42344400763091 9.024059885263492
257 3084 0.6028228629856444 0 0.0004770435334648937 45.88777911997156 -31.25053192496642 27.817941024537294 -39.20743700744951 25.6938745654604 -124.33167428419557 -5.853043944816834 8.252598769022025 -11.420871726439765 23.77043549393563 -24.187243737516162 -19.142569493287095 -17.477181602793472 24.64872621001915 9.077298553959862
258 3096 0.5997900109035497 0 0.0004778982838615775 46.38565167280346 -30.95406434621511 27.527878322761037 -39.167875796770076 25.62552955209331 -124.29967675095024 -5.27055101970035 7.6483917241735275 -11.94778132208065 23.984115267668642 -24.473947061706383 -19.267846176894828 -17.151787094629633 23.935124162297225 8.798525264337412
259 3108 0.5969683416952022 0 0.0004777371359523386 46.30031139110308 -32.69427562129349 27.467439923358913 -40.28323042150774 25.183621508942085 -126.69510866620391 -6.10305894250351 7.5420771082641025 -12.14798315604522 24.28213686980461 -24.62626894358798 -19.383937508525918 -17.152091307143465 25.364356735054084 9.356457398907171
260 3120 0.5963806923309272 0 0.00047852337593212724 45.72632279546933 -33.16741049834477 26.822156644556763 -39.61471547959051 25.764744646572897 -126.86287386639158 -5.962244537173691 6.892494865469723 -12.23256899070644 24.508226550775284 -24.27763345990745 -19.522691945954676 -17.014752227503436 24.933989220229673 9.76270655846664
261 3132 0.5959056504596321 0 0.00047838487080298364 46.032571618785596 -31.363400995051315 27.803027451717785 -39.51703982096955 26.26995270576864 -124.81391650673916 -5.784165826322602 8.08299285160621 -12.274300990410358 23.57522046453065 -24.650149363186465 -19.32668100722508 -16.974147851085714 24.462502309863005 8.451970198741538
262 3144 0.611163907298262 0 0.0004774819244630635 44.35451128866213 -32.63995054582713 26.82004978024143 -38.754008725499794 26.394212416147436 -125.59116648885728 -5.513245552068878 7.411728318996309 -12.235474353878727 24.564446497357267 -23.604667815335567 -20.10172832832645 -15.861720705946654 24.79089991071087 9.779774242516648
263 3156 0.5993729384645855 0 0.00047731894301250577 43.882114929994444 -31.466245901260468 26.109087790948397 -37.45234986838033 25.33414966856862 -121.6059799645364 -5.152108018914543 7.192138776907276 -11.829622311010093 23.359686532258195 -23.118484628325913 -18.626838700992494 -16.142494763359117 23.727674317398325 9.307563366722894
264 3168 0.5664284320559025 0 0.00047718704445287585 45.260256922919815 -32.61601392208595 27.06094844772654 -38.751106478537395 26.293879158227572 -125.04511274375704 -5.832070021150053 8.49014422541586 -11.395224005875523 24.302772074191996 -23.31449461854451 -19.61284983831532 -17.27896118043677 25.73390166741694 10.147061053268715
265 3180 0.5374555910632539 0 0.0004769941442646086 45.47926756965331 -33.66948994476774 26.569356712669197 -39.046485662470864 27.176560946588445 -125.31666898958943 -5.89452219651894 7.983407290619003 -11.159130662189911 24.378376779546016 -23.282122409471864 -19.73589786185271 -17.462436188985944 25.693630472670215 10.675998228912288
265 3180 0.5374555910632539 0 0.0004769941442646086 45.47926756965331 -33.66948994476774 26.569356712669197 -39.046485662470864 27.176560946588445 -125.31666898958943 -5.89452219651894 7.983407290619003 -11.159130662189911 24.378376779546016 -23.282122409471864 -19.73589786185271 -17.462436188985944 25.693630472670215 10.675998228912288
