1.000000000000000000e+00 3.639322938397526741e-03
1.000000000000000000e+01 3.614726942032575607e-03
1.500000000000000000e+01 3.598895156756043434e-03
2.800000000000000000e+01 3.596539609134197235e-03
3.200000000000000000e+01 3.590283449739217758e-03
3.900000000000000000e+01 3.569312160834670067e-03
4.000000000000000000e+01 3.550790250301361084e-03
5.000000000000000000e+01 3.522444982081651688e-03
5.500000000000000000e+01 3.520284779369831085e-03
5.900000000000000000e+01 3.492363262921571732e-03
6.100000000000000000e+01 3.469255752861499786e-03
7.000000000000000000e+01 3.438794985413551331e-03
7.800000000000000000e+01 3.434435231611132622e-03
8.900000000000000000e+01 3.420532448217272758e-03
9.100000000000000000e+01 3.355975495651364326e-03
9.800000000000000000e+01 3.353122156113386154e-03
9.900000000000000000e+01 3.308657323941588402e-03
1.020000000000000000e+02 3.278430551290512085e-03
1.100000000000000000e+02 3.224490443244576454e-03
1.190000000000000000e+02 3.219593549147248268e-03
1.210000000000000000e+02 3.161448054015636444e-03
1.330000000000000000e+02 3.061217023059725761e-03
1.490000000000000000e+02 3.060627961531281471e-03
1.550000000000000000e+02 3.040316980332136154e-03
1.570000000000000000e+02 2.958290744572877884e-03
1.710000000000000000e+02 2.870827214792370796e-03
1.750000000000000000e+02 2.810388570651412010e-03
2.090000000000000000e+02 2.670069923624396324e-03
2.100000000000000000e+02 2.635152079164981842e-03
2.360000000000000000e+02 2.543718321248888969e-03
2.450000000000000000e+02 2.354815602302551270e-03
2.530000000000000000e+02 2.197958761826157570e-03
2.980000000000000000e+02 2.094857860356569290e-03
3.120000000000000000e+02 1.704456750303506851e-03
5.290000000000000000e+02 1.683574169874191284e-03
6.340000000000000000e+02 1.622584415599703789e-03
6.650000000000000000e+02 1.615426386706531048e-03
6.760000000000000000e+02 1.583877950906753540e-03
6.910000000000000000e+02 1.572456094436347485e-03
7.160000000000000000e+02 1.556239323690533638e-03
7.630000000000000000e+02 1.543954480439424515e-03
7.930000000000000000e+02 1.494926516897976398e-03
8.210000000000000000e+02 1.493289135396480560e-03
8.330000000000000000e+02 1.404931070283055305e-03
9.040000000000000000e+02 1.396344392560422421e-03
1.002000000000000000e+03 1.385016948916018009e-03
1.030000000000000000e+03 1.381620881147682667e-03
1.050000000000000000e+03 1.373078790493309498e-03
1.057000000000000000e+03 1.345457741990685463e-03
1.105000000000000000e+03 1.336848130449652672e-03
1.124000000000000000e+03 1.330580911599099636e-03
1.132000000000000000e+03 1.308679813519120216e-03
1.165000000000000000e+03 1.306458842009305954e-03
1.180000000000000000e+03 1.291194697842001915e-03
1.190000000000000000e+03 1.259261043742299080e-03
1.222000000000000000e+03 1.246746047399938107e-03
1.242000000000000000e+03 1.222944352775812149e-03
1.266000000000000000e+03 1.208641333505511284e-03
1.267000000000000000e+03 1.195110613480210304e-03
1.298000000000000000e+03 1.183054875582456589e-03
1.326000000000000000e+03 1.182191655971109867e-03
1.341000000000000000e+03 1.168728922493755817e-03
1.349000000000000000e+03 1.164734130725264549e-03
1.373000000000000000e+03 1.164045184850692749e-03
1.418000000000000000e+03 1.128669711761176586e-03
1.419000000000000000e+03 1.109220320358872414e-03
1.429000000000000000e+03 1.097994507290422916e-03
1.447000000000000000e+03 1.092887250706553459e-03
1.475000000000000000e+03 1.087703974917531013e-03
1.482000000000000000e+03 1.056605367921292782e-03
1.584000000000000000e+03 1.047868281602859497e-03
1.585000000000000000e+03 1.036552013829350471e-03
1.613000000000000000e+03 1.033782726153731346e-03
1.618000000000000000e+03 1.026682439260184765e-03
1.627000000000000000e+03 1.026336802169680595e-03
1.628000000000000000e+03 1.023820717819035053e-03
1.646000000000000000e+03 1.015941496007144451e-03
1.666000000000000000e+03 1.011342159472405910e-03
1.685000000000000000e+03 9.985330980271100998e-04
1.699000000000000000e+03 9.864389430731534958e-04
1.702000000000000000e+03 9.817337850108742714e-04
1.708000000000000000e+03 9.669532300904393196e-04
1.728000000000000000e+03 9.600503253750503063e-04
1.730000000000000000e+03 9.582589846104383469e-04
1.743000000000000000e+03 9.497592691332101822e-04
1.752000000000000000e+03 9.335345821455121040e-04
1.785000000000000000e+03 9.185684612020850182e-04
1.855000000000000000e+03 9.185533854179084301e-04
1.862000000000000000e+03 9.112601401284337044e-04
1.867000000000000000e+03 9.104064083658158779e-04
1.871000000000000000e+03 9.061871096491813660e-04
1.894000000000000000e+03 8.979545091278851032e-04
1.897000000000000000e+03 8.731069974601268768e-04
1.963000000000000000e+03 8.713947026990354061e-04
1.976000000000000000e+03 8.574116509407758713e-04
2.057000000000000000e+03 8.536980603821575642e-04
2.060000000000000000e+03 8.523705764673650265e-04
2.076000000000000000e+03 8.411490125581622124e-04
2.093000000000000000e+03 8.300708723254501820e-04
2.108000000000000000e+03 8.234591223299503326e-04
2.132000000000000000e+03 8.157726842910051346e-04
2.144000000000000000e+03 7.951700245030224323e-04
2.173000000000000000e+03 7.943626260384917259e-04
2.203000000000000000e+03 7.841851911507546902e-04
2.252000000000000000e+03 7.746619521640241146e-04
2.288000000000000000e+03 7.711433572694659233e-04
2.300000000000000000e+03 7.711267680861055851e-04
2.358000000000000000e+03 7.689461344853043556e-04
2.368000000000000000e+03 7.391367107629776001e-04
2.383000000000000000e+03 7.353008259087800980e-04
2.454000000000000000e+03 7.331134402193129063e-04
2.479000000000000000e+03 7.162449182942509651e-04
2.646000000000000000e+03 7.158849039115011692e-04
2.719000000000000000e+03 7.127597345970571041e-04
2.740000000000000000e+03 7.076759357005357742e-04
2.792000000000000000e+03 7.019002223387360573e-04
2.843000000000000000e+03 6.910464726388454437e-04
2.940000000000000000e+03 6.887281197123229504e-04
2.966000000000000000e+03 6.883023306727409363e-04
3.032000000000000000e+03 6.840581772848963737e-04
3.045000000000000000e+03 6.796621019020676613e-04
3.091000000000000000e+03 6.777261151000857353e-04
3.160000000000000000e+03 6.772339111194014549e-04
3.170000000000000000e+03 6.742060650140047073e-04
3.205000000000000000e+03 6.730630411766469479e-04
3.211000000000000000e+03 6.713279872201383114e-04
3.245000000000000000e+03 6.705655832774937153e-04
3.316000000000000000e+03 6.671322043985128403e-04
3.406000000000000000e+03 6.662956438958644867e-04
3.438000000000000000e+03 6.661856896243989468e-04
3.459000000000000000e+03 6.659635691903531551e-04
3.495000000000000000e+03 6.655076867900788784e-04
3.523000000000000000e+03 6.652681622654199600e-04
3.688000000000000000e+03 6.652521551586687565e-04
3.770000000000000000e+03 6.652011070400476456e-04
